country_order,year,country_index,co2
0,1853,Stany Zjednoczone,955.221
0,1854,Stany Zjednoczone,996.135
0,1855,Stany Zjednoczone,1012.554
0,1856,Stany Zjednoczone,1044.748
0,1857,Stany Zjednoczone,1058.979
0,1858,Stany Zjednoczone,1090.478
0,1859,Stany Zjednoczone,1133.721
0,1860,Stany Zjednoczone,1010.528
0,1861,Stany Zjednoczone,931.205
0,1862,Stany Zjednoczone,920.115
0,1863,Stany Zjednoczone,912.625
0,1864,Stany Zjednoczone,884.279
0,1865,Stany Zjednoczone,848.276
0,1866,Stany Zjednoczone,851.378
0,1867,Stany Zjednoczone,849.901
0,1868,Stany Zjednoczone,846.999
0,1869,Stany Zjednoczone,840.446
0,1870,Stany Zjednoczone,1188.443
0,1871,Stany Zjednoczone,1343.872
0,1872,Stany Zjednoczone,1442.288
0,1873,Stany Zjednoczone,1538.274
0,1874,Stany Zjednoczone,1595.745
0,1875,Stany Zjednoczone,1644.32
0,1876,Stany Zjednoczone,1687.006
0,1877,Stany Zjednoczone,1748.099
0,1878,Stany Zjednoczone,1807.417
0,1879,Stany Zjednoczone,1880.973
0,1880,Stany Zjednoczone,1744.485
0,1881,Stany Zjednoczone,1663.689
0,1882,Stany Zjednoczone,1687.811
0,1883,Stany Zjednoczone,1717.097
0,1884,Stany Zjednoczone,1706.616
0,1885,Stany Zjednoczone,1704.188
0,1886,Stany Zjednoczone,1695.45
0,1887,Stany Zjednoczone,1733.903
0,1888,Stany Zjednoczone,1787.657
0,1889,Stany Zjednoczone,1727.287
0,1890,Stany Zjednoczone,1889.153
0,1891,Stany Zjednoczone,1931.828
0,1892,Stany Zjednoczone,1940.512
0,1893,Stany Zjednoczone,1996.729
0,1894,Stany Zjednoczone,1972.571
0,1895,Stany Zjednoczone,2006.779
0,1896,Stany Zjednoczone,2027.918
0,1897,Stany Zjednoczone,2054.868
0,1898,Stany Zjednoczone,2122.76
0,1899,Stany Zjednoczone,2237.756
0,1900,Stany Zjednoczone,2182.681
0,1901,Stany Zjednoczone,2213.641
0,1902,Stany Zjednoczone,2255.126
0,1903,Stany Zjednoczone,2350.209
0,1904,Stany Zjednoczone,2353.262
0,1905,Stany Zjednoczone,2451.018
0,1906,Stany Zjednoczone,2491.239
0,1907,Stany Zjednoczone,2653.67
0,1908,Stany Zjednoczone,2509.761
0,1909,Stany Zjednoczone,2616.265
0,1910,Stany Zjednoczone,2635.159
0,1911,Stany Zjednoczone,2610.548
0,1912,Stany Zjednoczone,2642.403
0,1913,Stany Zjednoczone,2723.077
0,1914,Stany Zjednoczone,2601.122
0,1915,Stany Zjednoczone,2608.668
0,1916,Stany Zjednoczone,2757.056
0,1917,Stany Zjednoczone,2901.977
0,1918,Stany Zjednoczone,2969.492
0,1919,Stany Zjednoczone,2704.539
0,1920,Stany Zjednoczone,2944.817
0,1921,Stany Zjednoczone,2666.786
0,1922,Stany Zjednoczone,2632.875
0,1923,Stany Zjednoczone,3058.308
0,1924,Stany Zjednoczone,2828.103
0,1925,Stany Zjednoczone,2903.954
0,1926,Stany Zjednoczone,3018.699
0,1927,Stany Zjednoczone,2914.531
0,1928,Stany Zjednoczone,2899.73
0,1929,Stany Zjednoczone,2971.95
0,1930,Stany Zjednoczone,2641.228
0,1931,Stany Zjednoczone,2354.383
0,1932,Stany Zjednoczone,2037.958
0,1933,Stany Zjednoczone,2086.243
0,1934,Stany Zjednoczone,2153.054
0,1935,Stany Zjednoczone,2148.806
0,1936,Stany Zjednoczone,2355.415
0,1937,Stany Zjednoczone,2390.647
0,1938,Stany Zjednoczone,2082.145
0,1939,Stany Zjednoczone,2204.406
0,1940,Stany Zjednoczone,2485.913
0,1941,Stany Zjednoczone,2673.835
0,1942,Stany Zjednoczone,2826.689
0,1943,Stany Zjednoczone,2913.564
0,1944,Stany Zjednoczone,3093.163
0,1945,Stany Zjednoczone,3006.418
0,1946,Stany Zjednoczone,2896.347
0,1947,Stany Zjednoczone,3137.38
0,1948,Stany Zjednoczone,3231.226
0,1949,Stany Zjednoczone,2759.618
0,1950,Stany Zjednoczone,3016.505
0,1951,Stany Zjednoczone,3045.046
0,1952,Stany Zjednoczone,2920.673
0,1953,Stany Zjednoczone,2952.133
0,1954,Stany Zjednoczone,2838.407
0,1955,Stany Zjednoczone,3050.202
0,1956,Stany Zjednoczone,3165.813
0,1957,Stany Zjednoczone,3117.672
0,1958,Stany Zjednoczone,3018.38
0,1959,Stany Zjednoczone,3034.667
0,1960,Stany Zjednoczone,3096.37
0,1961,Stany Zjednoczone,2955.965
0,1962,Stany Zjednoczone,3210.978
0,1963,Stany Zjednoczone,3251.467
0,1964,Stany Zjednoczone,3339.732
0,1965,Stany Zjednoczone,3448.212
0,1966,Stany Zjednoczone,3589.84
0,1967,Stany Zjednoczone,4192.618
0,1968,Stany Zjednoczone,4639.372
0,1969,Stany Zjednoczone,4460.92
0,1970,Stany Zjednoczone,4677.41
0,1971,Stany Zjednoczone,4636.537
0,1972,Stany Zjednoczone,4821.756
0,1973,Stany Zjednoczone,4984.214
0,1974,Stany Zjednoczone,4811.479
0,1975,Stany Zjednoczone,4663.083
0,1976,Stany Zjednoczone,4955.296
0,1977,Stany Zjednoczone,5222.548
0,1978,Stany Zjednoczone,5192.131
0,1979,Stany Zjednoczone,5242.936
0,1980,Stany Zjednoczone,5073.771
0,1981,Stany Zjednoczone,4946.007
0,1982,Stany Zjednoczone,4700.623
0,1983,Stany Zjednoczone,4705.079
0,1984,Stany Zjednoczone,4942.935
0,1985,Stany Zjednoczone,4939.722
0,1986,Stany Zjednoczone,4880.515
0,1987,Stany Zjednoczone,5083.934
0,1988,Stany Zjednoczone,5323.609
1,1952,Chiny,1079.298
1,1953,Chiny,1005.682
1,1954,Chiny,1307.723
1,1955,Chiny,1273.607
1,1956,Chiny,1123.307
1,1957,Chiny,1116.589
1,1958,Chiny,1095.966
1,1959,Chiny,1283.153
1,1960,Chiny,1214.208
1,1961,Chiny,1496.516
1,1962,Chiny,1464.146
1,1963,Chiny,1588.357
1,1964,Chiny,1446.046
1,1965,Chiny,1796.671
1,1966,Chiny,1568.007
1,1967,Chiny,1185.892
1,1968,Chiny,1325.184
1,1969,Chiny,2132.728
1,1970,Chiny,2089.488
1,1971,Chiny,1739.566
1,1972,Chiny,2463.378
1,1973,Chiny,2366.074
1,1974,Chiny,2356.58
1,1975,Chiny,2340.614
1,1976,Chiny,2202.924
1,1977,Chiny,2889.437
1,1978,Chiny,3300.912
1,1979,Chiny,2612.912
1,1980,Chiny,2554.015
1,1981,Chiny,2466.619
1,1982,Chiny,2551.509
1,1983,Chiny,2588.784
1,1984,Chiny,2699.098
1,1985,Chiny,2770.464
1,1986,Chiny,2855.446
1,1987,Chiny,2974.54
1,1988,Chiny,3154.798
1,1989,Chiny,3215.552
1,1990,Chiny,3252.399
1,1991,Chiny,3330.301
1,1992,Chiny,3528.996
1,1993,Chiny,3702.735
1,1994,Chiny,3997.346
1,1995,Chiny,4160.354
1,1996,Chiny,4343.86
1,1997,Chiny,4384.325
1,1998,Chiny,4216.271
1,1999,Chiny,4339.629
1,2000,Chiny,4259.395
1,2001,Chiny,4221.178
1,2002,Chiny,4488.691
1,2003,Chiny,5192.516
1,2004,Chiny,5579.754
1,2005,Chiny,6207.762
1,2006,Chiny,6824.091
1,2007,Chiny,7294.759
2,1952,Rosja,860.019
2,1953,Rosja,988.108
2,1954,Rosja,1145.896
2,1955,Rosja,1300.652
2,1956,Rosja,1426.989
2,1957,Rosja,1552.587
2,1958,Rosja,1443.808
2,1959,Rosja,2068.103
2,1960,Rosja,1646.24
2,1961,Rosja,1800.977
2,1962,Rosja,1498.025
2,1963,Rosja,1518.277
2,1964,Rosja,1532.684
2,1965,Rosja,1589.692
2,1966,Rosja,1637.487
2,1967,Rosja,1700.334
2,1968,Rosja,1745.795
2,1969,Rosja,1777.616
2,1970,Rosja,2016.063
2,1971,Rosja,1909.027
2,1972,Rosja,1954.699
2,1973,Rosja,2114.313
2,1974,Rosja,2116.718
2,1975,Rosja,2159.29
2,1976,Rosja,2297.031
2,1977,Rosja,2369.314
2,1978,Rosja,2435.419
2,1979,Rosja,2380.306
2,1980,Rosja,2613.175
2,1981,Rosja,2485.063
2,1982,Rosja,2457.196
2,1983,Rosja,2514.728
2,1984,Rosja,2541.32
2,1985,Rosja,2706.567
2,1986,Rosja,2701.31
2,1987,Rosja,2726.97
2,1988,Rosja,2816.067
2,1989,Rosja,2695.388
2,1990,Rosja,2852.21
2,1991,Rosja,2705.155
2,1992,Rosja,2153.259
2,1993,Rosja,1941.934
2,1994,Rosja,1748.718
2,1995,Rosja,1614.626
2,1996,Rosja,2070.26
2,1997,Rosja,1558.098
2,1998,Rosja,1467.69
2,1999,Rosja,1546.524
2,2000,Rosja,1472.69
2,2001,Rosja,1441.974
2,2002,Rosja,1415.489
2,2003,Rosja,1514.525
2,2004,Rosja,1563.839
2,2005,Rosja,1527.995
2,2006,Rosja,1667.418
2,2007,Rosja,1678.144
2,2008,Rosja,1713.092
3,1930,Brazylia,329.799
3,1931,Brazylia,263.955
3,1932,Brazylia,264.846
3,1933,Brazylia,245.959
3,1934,Brazylia,230.013
3,1935,Brazylia,203.691
3,1936,Brazylia,207.474
3,1937,Brazylia,194.027
3,1938,Brazylia,197.958
3,1939,Brazylia,186.614
3,1940,Brazylia,328.406
3,1941,Brazylia,394.396
3,1942,Brazylia,426.272
3,1943,Brazylia,443.285
3,1944,Brazylia,462.043
3,1945,Brazylia,472.764
3,1946,Brazylia,487.29
3,1947,Brazylia,498.596
3,1948,Brazylia,502.98
3,1949,Brazylia,512.48
3,1950,Brazylia,700.217
3,1951,Brazylia,784.98
3,1952,Brazylia,837.161
3,1953,Brazylia,871.441
3,1954,Brazylia,911.16
3,1955,Brazylia,936.585
3,1956,Brazylia,970.413
3,1957,Brazylia,992.246
3,1958,Brazylia,1025.308
3,1959,Brazylia,1059.967
3,1960,Brazylia,1121.812
3,1961,Brazylia,1170.128
3,1962,Brazylia,1216.424
3,1963,Brazylia,1239.397
3,1964,Brazylia,1256.805
3,1965,Brazylia,1263.522
3,1966,Brazylia,1291.125
3,1967,Brazylia,1276.984
3,1968,Brazylia,1301.878
3,1969,Brazylia,1299.415
3,1970,Brazylia,1340.308
3,1971,Brazylia,1323.793
3,1972,Brazylia,1362.291
3,1973,Brazylia,1382.466
3,1974,Brazylia,1405.924
3,1975,Brazylia,1441.611
3,1976,Brazylia,1474.536
3,1977,Brazylia,1509.0
3,1978,Brazylia,1562.267
3,1979,Brazylia,1611.293
3,1980,Brazylia,1673.681
3,1981,Brazylia,1657.413
3,1982,Brazylia,1721.007
3,1983,Brazylia,1690.497
3,1984,Brazylia,2113.866
3,1985,Brazylia,1578.538
3,1986,Brazylia,1758.324
3,1987,Brazylia,1731.443
3,1988,Brazylia,1684.833
3,1989,Brazylia,1643.555
3,1990,Brazylia,1684.104
3,1991,Brazylia,1692.108
3,1992,Brazylia,1778.138
3,1993,Brazylia,1698.408
3,1994,Brazylia,2097.899
3,1995,Brazylia,2045.516
3,1996,Brazylia,1979.019
3,1997,Brazylia,2088.946
3,1998,Brazylia,2337.889
3,1999,Brazylia,2379.742
3,2000,Brazylia,2193.676
3,2001,Brazylia,2094.904
3,2002,Brazylia,2242.24
3,2003,Brazylia,3149.882
3,2004,Brazylia,2560.971
4,1930,Indie,514.733
4,1931,Indie,515.897
4,1932,Indie,516.214
4,1933,Indie,520.378
4,1934,Indie,527.094
4,1935,Indie,531.308
4,1936,Indie,534.351
4,1937,Indie,542.041
4,1938,Indie,549.488
4,1939,Indie,552.836
4,1940,Indie,558.962
4,1941,Indie,562.961
4,1942,Indie,566.102
4,1943,Indie,561.703
4,1944,Indie,567.89
4,1945,Indie,571.866
4,1946,Indie,573.029
4,1947,Indie,576.211
4,1948,Indie,576.146
4,1949,Indie,578.61
4,1950,Indie,716.767
4,1951,Indie,759.044
4,1952,Indie,788.201
4,1953,Indie,805.679
4,1954,Indie,826.103
4,1955,Indie,839.262
4,1956,Indie,851.622
4,1957,Indie,867.809
4,1958,Indie,882.14
4,1959,Indie,892.365
4,1960,Indie,590.671
4,1961,Indie,796.432
4,1962,Indie,531.393
4,1963,Indie,499.39
4,1964,Indie,490.407
4,1965,Indie,477.362
4,1966,Indie,564.305
4,1967,Indie,574.201
4,1968,Indie,437.064
4,1969,Indie,486.064
4,1970,Indie,376.376
4,1971,Indie,426.867
4,1972,Indie,588.23
4,1973,Indie,548.901
4,1974,Indie,519.284
4,1975,Indie,472.986
4,1976,Indie,431.926
4,1977,Indie,657.236
4,1978,Indie,523.845
4,1979,Indie,454.847
4,1980,Indie,484.421
4,1981,Indie,540.795
4,1982,Indie,475.277
4,1983,Indie,676.772
4,1984,Indie,556.336
4,1985,Indie,558.767
4,1986,Indie,627.171
4,1987,Indie,587.029
4,1988,Indie,716.182
4,1989,Indie,708.839
4,1990,Indie,751.03
4,1991,Indie,751.029
4,1992,Indie,824.228
4,1993,Indie,809.758
4,1994,Indie,832.008
4,1995,Indie,846.72
4,1996,Indie,986.75
4,1997,Indie,960.65
4,1998,Indie,971.869
4,1999,Indie,1044.341
4,2000,Indie,1178.326
4,2001,Indie,1142.87
4,2002,Indie,1117.956
4,2003,Indie,1175.458
5,1930,Niemcy,475.552
5,1931,Niemcy,399.244
5,1932,Niemcy,362.231
5,1933,Niemcy,380.185
5,1934,Niemcy,424.661
5,1935,Niemcy,467.955
5,1936,Niemcy,515.53
5,1937,Niemcy,579.764
5,1938,Niemcy,618.679
5,1939,Niemcy,665.656
5,1940,Niemcy,667.442
5,1941,Niemcy,672.683
5,1942,Niemcy,679.049
5,1943,Niemcy,690.3
5,1944,Niemcy,610.03
5,1945,Niemcy,124.733
5,1946,Niemcy,279.324
5,1947,Niemcy,325.102
5,1948,Niemcy,384.706
5,1949,Niemcy,438.718
5,1950,Niemcy,507.858
5,1951,Niemcy,565.974
5,1952,Niemcy,592.613
5,1953,Niemcy,597.868
5,1954,Niemcy,626.383
5,1955,Niemcy,683.507
5,1956,Niemcy,719.465
5,1957,Niemcy,725.475
5,1958,Niemcy,697.134
5,1959,Niemcy,691.518
5,1960,Niemcy,751.601
5,1961,Niemcy,774.842
5,1962,Niemcy,825.691
5,1963,Niemcy,893.398
5,1964,Niemcy,921.811
5,1965,Niemcy,913.336
5,1966,Niemcy,903.865
5,1967,Niemcy,889.282
5,1968,Niemcy,939.439
5,1969,Niemcy,1005.115
5,1970,Niemcy,980.761
5,1971,Niemcy,995.784
5,1972,Niemcy,1000.661
5,1973,Niemcy,1046.292
5,1974,Niemcy,1025.649
5,1975,Niemcy,967.463
5,1976,Niemcy,1056.691
5,1977,Niemcy,1019.707
5,1978,Niemcy,1046.47
5,1979,Niemcy,1085.713
5,1980,Niemcy,1068.285
5,1981,Niemcy,1017.302
5,1982,Niemcy,985.264
5,1983,Niemcy,981.953
5,1984,Niemcy,1004.531
5,1985,Niemcy,1016.557
5,1986,Niemcy,1020.197
5,1987,Niemcy,1007.967
5,1988,Niemcy,1004.997
5,1989,Niemcy,987.167
5,1990,Niemcy,1017.924
5,1991,Niemcy,979.148
5,1992,Niemcy,953.202
5,1993,Niemcy,946.954
5,1994,Niemcy,930.641
5,1995,Niemcy,923.512
5,1996,Niemcy,942.895
5,1997,Niemcy,918.808
5,1998,Niemcy,906.401
5,1999,Niemcy,876.646
5,2000,Niemcy,880.787
5,2001,Niemcy,895.807
5,2002,Niemcy,884.17
5,2003,Niemcy,882.331
5,2004,Niemcy,864.374
6,1891,Indonezja,354.602
6,1892,Indonezja,385.952
6,1893,Indonezja,401.501
6,1894,Indonezja,432.521
6,1895,Indonezja,428.615
6,1896,Indonezja,417.37
6,1897,Indonezja,439.929
6,1898,Indonezja,440.501
6,1899,Indonezja,450.7
6,1900,Indonezja,397.788
6,1901,Indonezja,433.292
6,1902,Indonezja,420.391
6,1903,Indonezja,432.743
6,1904,Indonezja,435.525
6,1905,Indonezja,424.49
6,1906,Indonezja,428.859
6,1907,Indonezja,424.618
6,1908,Indonezja,417.91
6,1909,Indonezja,434.951
6,1910,Indonezja,411.48
6,1911,Indonezja,428.621
6,1912,Indonezja,410.921
6,1913,Indonezja,396.607
6,1914,Indonezja,419.591
6,1915,Indonezja,421.317
6,1916,Indonezja,401.839
6,1917,Indonezja,404.186
6,1918,Indonezja,399.733
6,1919,Indonezja,390.621
6,1920,Indonezja,387.441
6,1921,Indonezja,403.435
6,1922,Indonezja,387.797
6,1923,Indonezja,408.615
6,1924,Indonezja,403.978
6,1925,Indonezja,389.348
6,1926,Indonezja,404.03
6,1927,Indonezja,402.14
6,1928,Indonezja,402.071
6,1929,Indonezja,418.837
6,1930,Indonezja,420.42
6,1931,Indonezja,412.621
6,1932,Indonezja,434.563
6,1933,Indonezja,434.393
6,1934,Indonezja,430.239
6,1935,Indonezja,419.681
6,1936,Indonezja,429.853
6,1937,Indonezja,453.351
6,1938,Indonezja,446.38
6,1939,Indonezja,457.792
6,1940,Indonezja,454.015
6,1941,Indonezja,459.731
6,1942,Indonezja,442.247
6,1943,Indonezja,459.333
6,1944,Indonezja,434.945
6,1945,Indonezja,430.084
6,1946,Indonezja,454.497
6,1947,Indonezja,440.933
6,1948,Indonezja,449.783
6,1949,Indonezja,469.417
6,1950,Indonezja,474.013
6,1951,Indonezja,460.3
6,1952,Indonezja,472.433
6,1953,Indonezja,472.81
6,1954,Indonezja,485.042
6,1955,Indonezja,509.69
6,1956,Indonezja,508.407
6,1957,Indonezja,521.441
6,1958,Indonezja,534.062
6,1959,Indonezja,536.091
6,1960,Indonezja,458.108
6,1961,Indonezja,438.842
6,1962,Indonezja,425.21
6,1963,Indonezja,421.319
6,1964,Indonezja,399.208
6,1965,Indonezja,374.128
6,1966,Indonezja,354.264
6,1967,Indonezja,342.032
6,1968,Indonezja,330.507
6,1969,Indonezja,337.268
6,1970,Indonezja,320.088
6,1971,Indonezja,325.082
6,1972,Indonezja,330.44
6,1973,Indonezja,337.194
6,1974,Indonezja,320.369
6,1975,Indonezja,314.267
6,1976,Indonezja,331.071
6,1977,Indonezja,340.336
6,1978,Indonezja,347.694
6,1979,Indonezja,337.078
6,1980,Indonezja,335.224
6,1981,Indonezja,338.476
6,1982,Indonezja,346.636
6,1983,Indonezja,337.721
6,1984,Indonezja,1089.74
6,1985,Indonezja,1094.135
6,1986,Indonezja,1356.664
6,1987,Indonezja,1094.102
6,1988,Indonezja,868.287
6,1989,Indonezja,952.774
6,1990,Indonezja,630.178
6,1991,Indonezja,588.28
6,1992,Indonezja,816.565
6,1993,Indonezja,658.467
6,1994,Indonezja,939.92
6,1995,Indonezja,844.896
6,1996,Indonezja,915.444
7,1930,Wielka Brytania,469.41
7,1931,Wielka Brytania,439.173
7,1932,Wielka Brytania,424.009
7,1933,Wielka Brytania,423.834
7,1934,Wielka Brytania,456.743
7,1935,Wielka Brytania,462.247
7,1936,Wielka Brytania,487.28
7,1937,Wielka Brytania,503.428
7,1938,Wielka Brytania,486.319
7,1939,Wielka Brytania,487.128
7,1940,Wielka Brytania,515.123
7,1941,Wielka Brytania,516.272
7,1942,Wielka Brytania,510.493
7,1943,Wielka Brytania,509.46
7,1944,Wielka Brytania,509.784
7,1945,Wielka Brytania,473.56
7,1946,Wielka Brytania,484.905
7,1947,Wielka Brytania,507.26
7,1948,Wielka Brytania,526.305
7,1949,Wielka Brytania,531.705
7,1950,Wielka Brytania,520.64
7,1951,Wielka Brytania,564.301
7,1952,Wielka Brytania,548.907
7,1953,Wielka Brytania,561.039
7,1954,Wielka Brytania,573.307
7,1955,Wielka Brytania,599.164
7,1956,Wielka Brytania,596.863
7,1957,Wielka Brytania,594.514
7,1958,Wielka Brytania,579.604
7,1959,Wielka Brytania,578.276
7,1960,Wielka Brytania,607.167
7,1961,Wielka Brytania,611.377
7,1962,Wielka Brytania,614.382
7,1963,Wielka Brytania,623.901
7,1964,Wielka Brytania,626.389
7,1965,Wielka Brytania,638.885
7,1966,Wielka Brytania,634.625
7,1967,Wielka Brytania,606.323
7,1968,Wielka Brytania,618.991
7,1969,Wielka Brytania,632.711
7,1970,Wielka Brytania,658.215
7,1971,Wielka Brytania,665.231
7,1972,Wielka Brytania,652.209
7,1973,Wielka Brytania,663.373
7,1974,Wielka Brytania,620.603
7,1975,Wielka Brytania,606.884
7,1976,Wielka Brytania,602.166
7,1977,Wielka Brytania,607.86
7,1978,Wielka Brytania,608.405
7,1979,Wielka Brytania,650.586
7,1980,Wielka Brytania,581.804
7,1981,Wielka Brytania,563.081
7,1982,Wielka Brytania,550.114
7,1983,Wielka Brytania,548.657
7,1984,Wielka Brytania,534.313
7,1985,Wielka Brytania,562.458
7,1986,Wielka Brytania,571.568
7,1987,Wielka Brytania,593.51
7,1988,Wielka Brytania,578.688
7,1989,Wielka Brytania,587.068
7,1990,Wielka Brytania,606.147
7,1991,Wielka Brytania,612.229
7,1992,Wielka Brytania,584.678
7,1993,Wielka Brytania,571.761
7,1994,Wielka Brytania,570.282
7,1995,Wielka Brytania,573.661
7,1996,Wielka Brytania,600.331
7,1997,Wielka Brytania,569.168
7,1998,Wielka Brytania,563.731
7,1999,Wielka Brytania,556.151
7,2000,Wielka Brytania,569.832
7,2001,Wielka Brytania,578.021
7,2002,Wielka Brytania,562.198
7,2003,Wielka Brytania,576.095
7,2004,Wielka Brytania,580.123
8,1930,Kanada,437.679
8,1931,Kanada,426.711
8,1932,Kanada,399.159
8,1933,Kanada,415.898
8,1934,Kanada,438.206
8,1935,Kanada,439.912
8,1936,Kanada,427.758
8,1937,Kanada,429.84
8,1938,Kanada,429.372
8,1939,Kanada,443.222
8,1940,Kanada,414.675
8,1941,Kanada,454.239
8,1942,Kanada,460.798
8,1943,Kanada,448.119
8,1944,Kanada,455.445
8,1945,Kanada,460.631
8,1946,Kanada,436.657
8,1947,Kanada,473.367
8,1948,Kanada,479.131
8,1949,Kanada,440.741
8,1950,Kanada,514.864
8,1951,Kanada,545.548
8,1952,Kanada,511.208
8,1953,Kanada,557.43
8,1954,Kanada,561.395
8,1955,Kanada,565.632
8,1956,Kanada,608.085
8,1957,Kanada,573.925
8,1958,Kanada,606.724
8,1959,Kanada,608.204
8,1960,Kanada,552.882
8,1961,Kanada,553.161
8,1962,Kanada,559.785
8,1963,Kanada,545.691
8,1964,Kanada,577.56
8,1965,Kanada,618.494
8,1966,Kanada,548.92
8,1967,Kanada,559.41
8,1968,Kanada,568.327
8,1969,Kanada,565.455
8,1970,Kanada,600.06
8,1971,Kanada,604.852
8,1972,Kanada,631.942
8,1973,Kanada,632.502
8,1974,Kanada,624.72
8,1975,Kanada,627.822
8,1976,Kanada,651.43
8,1977,Kanada,658.695
8,1978,Kanada,672.572
8,1979,Kanada,668.536
8,1980,Kanada,718.747
8,1981,Kanada,700.998
8,1982,Kanada,638.941
8,1983,Kanada,637.728
8,1984,Kanada,677.195
8,1985,Kanada,683.892
8,1986,Kanada,659.499
8,1987,Kanada,674.19
8,1988,Kanada,720.825
8,1989,Kanada,702.67
8,1990,Kanada,718.491
8,1991,Kanada,680.375
8,1992,Kanada,691.125
8,1993,Kanada,675.86
8,1994,Kanada,716.327
8,1995,Kanada,695.998
8,1996,Kanada,742.437
8,1997,Kanada,725.23
8,1998,Kanada,755.04
8,1999,Kanada,785.276
8,2000,Kanada,787.446
8,2001,Kanada,821.242
8,2002,Kanada,778.229
8,2003,Kanada,794.803
8,2004,Kanada,811.694
9,1930,Japonia,154.71
9,1931,Japonia,146.15
9,1932,Japonia,148.773
9,1933,Japonia,162.149
9,1934,Japonia,175.981
9,1935,Japonia,176.155
9,1936,Japonia,185.757
9,1937,Japonia,196.888
9,1938,Japonia,210.159
9,1939,Japonia,201.256
9,1940,Japonia,228.233
9,1941,Japonia,228.275
9,1942,Japonia,223.87
9,1943,Japonia,231.066
9,1944,Japonia,215.765
9,1945,Japonia,150.186
9,1946,Japonia,130.301
9,1947,Japonia,144.038
9,1948,Japonia,164.397
9,1949,Japonia,172.104
9,1950,Japonia,182.733
9,1951,Japonia,192.837
9,1952,Japonia,204.173
9,1953,Japonia,219.546
9,1954,Japonia,209.39
9,1955,Japonia,212.286
9,1956,Japonia,229.128
9,1957,Japonia,263.84
9,1958,Japonia,253.132
9,1959,Japonia,278.162
9,1960,Japonia,301.036
9,1961,Japonia,353.806
9,1962,Japonia,353.484
9,1963,Japonia,387.772
9,1964,Japonia,416.973
9,1965,Japonia,439.749
9,1966,Japonia,470.378
9,1967,Japonia,541.799
9,1968,Japonia,605.316
9,1969,Japonia,700.309
9,1970,Japonia,812.393
9,1971,Japonia,835.893
9,1972,Japonia,890.564
9,1973,Japonia,942.647
9,1974,Japonia,941.655
9,1975,Japonia,894.086
9,1976,Japonia,926.527
9,1977,Japonia,951.963
9,1978,Japonia,922.001
9,1979,Japonia,968.352
9,1980,Japonia,958.389
9,1981,Japonia,937.911
9,1982,Japonia,909.435
9,1983,Japonia,888.196
9,1984,Japonia,950.106
9,1985,Japonia,921.786
9,1986,Japonia,920.559
9,1987,Japonia,909.866
9,1988,Japonia,988.189
9,1989,Japonia,1021.976
9,1990,Japonia,1160.752
9,1991,Japonia,1171.016
9,1992,Japonia,1179.86
9,1993,Japonia,1169.314
9,1994,Japonia,1230.187
9,1995,Japonia,1233.66
9,1996,Japonia,1246.332
9,1997,Japonia,1239.913
9,1998,Japonia,1201.909
9,1999,Japonia,1230.296
9,2000,Japonia,1270.698
9,2001,Japonia,1243.451
9,2002,Japonia,1267.122
9,2003,Japonia,1274.042
10,1982,Ukraina,692.639
10,1983,Ukraina,699.865
10,1984,Ukraina,706.555
10,1985,Ukraina,760.62
10,1986,Ukraina,758.485
10,1987,Ukraina,747.72
10,1988,Ukraina,735.438
10,1989,Ukraina,689.269
10,1990,Ukraina,712.854
10,1991,Ukraina,651.896
10,1992,Ukraina,600.161
10,1993,Ukraina,517.869
10,1994,Ukraina,431.806
10,1995,Ukraina,395.484
10,1996,Ukraina,354.095
10,1997,Ukraina,337.756
10,1998,Ukraina,321.097
10,1999,Ukraina,315.524
10,2000,Ukraina,299.311
10,2001,Ukraina,308.699
10,2002,Ukraina,297.789
10,2003,Ukraina,310.613
10,2004,Ukraina,309.334
10,2005,Ukraina,313.322
10,2006,Ukraina,331.297
10,2007,Ukraina,338.225
10,2008,Ukraina,325.689
10,2009,Ukraina,289.282
10,2010,Ukraina,298.995
10,2011,Ukraina,311.389
10,2012,Ukraina,324.228
10,2013,Ukraina,307.312
11,1930,Meksyk,94.25
11,1931,Meksyk,92.766
11,1932,Meksyk,92.805
11,1933,Meksyk,95.984
11,1934,Meksyk,96.931
11,1935,Meksyk,101.35
11,1936,Meksyk,102.382
11,1937,Meksyk,106.388
11,1938,Meksyk,105.855
11,1939,Meksyk,107.028
11,1940,Meksyk,155.976
11,1941,Meksyk,177.996
11,1942,Meksyk,189.173
11,1943,Meksyk,202.788
11,1944,Meksyk,209.778
11,1945,Meksyk,217.802
11,1946,Meksyk,224.891
11,1947,Meksyk,237.926
11,1948,Meksyk,243.422
11,1949,Meksyk,233.52
11,1950,Meksyk,222.116
11,1951,Meksyk,222.499
11,1952,Meksyk,220.388
11,1953,Meksyk,219.667
11,1954,Meksyk,229.088
11,1955,Meksyk,226.911
11,1956,Meksyk,227.518
11,1957,Meksyk,231.616
11,1958,Meksyk,240.119
11,1959,Meksyk,243.419
11,1960,Meksyk,234.719
11,1961,Meksyk,183.283
11,1962,Meksyk,156.415
11,1963,Meksyk,146.081
11,1964,Meksyk,142.4
11,1965,Meksyk,135.602
11,1966,Meksyk,134.36
11,1967,Meksyk,140.269
11,1968,Meksyk,138.973
11,1969,Meksyk,120.075
11,1970,Meksyk,136.428
11,1971,Meksyk,153.721
11,1972,Meksyk,169.896
11,1973,Meksyk,173.429
11,1974,Meksyk,185.786
11,1975,Meksyk,196.792
11,1976,Meksyk,224.451
11,1977,Meksyk,237.527
11,1978,Meksyk,251.902
11,1979,Meksyk,296.035
11,1980,Meksyk,331.775
11,1981,Meksyk,344.444
11,1982,Meksyk,449.239
11,1983,Meksyk,359.239
11,1984,Meksyk,352.665
11,1985,Meksyk,360.578
11,1986,Meksyk,492.092
11,1987,Meksyk,473.957
11,1988,Meksyk,535.715
11,1989,Meksyk,596.597
11,1990,Meksyk,600.907
11,1991,Meksyk,512.01
11,1992,Meksyk,470.233
11,1993,Meksyk,466.337
11,1994,Meksyk,488.163
11,1995,Meksyk,458.161
11,1996,Meksyk,455.521
11,1997,Meksyk,491.778
11,1998,Meksyk,523.591
11,1999,Meksyk,508.839
11,2000,Meksyk,520.57
11,2001,Meksyk,515.219
11,2002,Meksyk,507.778
11,2003,Meksyk,528.326
11,2004,Meksyk,517.074
12,1930,Francja,188.698
12,1931,Francja,166.676
12,1932,Francja,140.297
12,1933,Francja,147.202
12,1934,Francja,148.278
12,1935,Francja,141.254
12,1936,Francja,143.121
12,1937,Francja,161.761
12,1938,Francja,145.554
12,1939,Francja,136.973
12,1940,Francja,80.938
12,1941,Francja,64.079
12,1942,Francja,67.373
12,1943,Francja,71.332
12,1944,Francja,26.621
12,1945,Francja,54.296
12,1946,Francja,112.646
12,1947,Francja,131.804
12,1948,Francja,145.193
12,1949,Francja,179.104
12,1950,Francja,154.362
12,1951,Francja,185.179
12,1952,Francja,190.06
12,1953,Francja,183.597
12,1954,Francja,200.927
12,1955,Francja,218.15
12,1956,Francja,252.149
12,1957,Francja,267.174
12,1958,Francja,261.094
12,1959,Francja,231.967
12,1960,Francja,264.044
12,1961,Francja,283.007
12,1962,Francja,298.729
12,1963,Francja,297.233
12,1964,Francja,325.806
12,1965,Francja,316.447
12,1966,Francja,332.111
12,1967,Francja,349.441
12,1968,Francja,366.138
12,1969,Francja,382.37
12,1970,Francja,406.916
12,1971,Francja,436.811
12,1972,Francja,460.671
12,1973,Francja,493.573
12,1974,Francja,477.796
12,1975,Francja,433.633
12,1976,Francja,477.353
12,1977,Francja,468.232
12,1978,Francja,486.642
12,1979,Francja,489.923
12,1980,Francja,472.151
12,1981,Francja,423.682
12,1982,Francja,403.61
12,1983,Francja,391.29
12,1984,Francja,381.846
12,1985,Francja,376.28
12,1986,Francja,365.986
12,1987,Francja,353.564
12,1988,Francja,359.75
12,1989,Francja,380.334
12,1990,Francja,379.752
12,1991,Francja,406.825
12,1992,Francja,402.688
12,1993,Francja,379.222
12,1994,Francja,371.402
12,1995,Francja,374.323
12,1996,Francja,390.171
12,1997,Francja,380.699
12,1998,Francja,399.012
12,1999,Francja,394.482
12,2000,Francja,387.421
12,2001,Francja,388.564
12,2002,Francja,382.666
12,2003,Francja,389.806
12,2004,Francja,388.982
13,1930,Australia,154.737
13,1931,Australia,126.023
13,1932,Australia,117.207
13,1933,Australia,105.186
13,1934,Australia,102.304
13,1935,Australia,96.392
13,1936,Australia,93.689
13,1937,Australia,95.749
13,1938,Australia,89.321
13,1939,Australia,91.218
13,1940,Australia,87.874
13,1941,Australia,93.388
13,1942,Australia,94.659
13,1943,Australia,96.218
13,1944,Australia,93.07
13,1945,Australia,89.919
13,1946,Australia,93.763
13,1947,Australia,95.999
13,1948,Australia,98.757
13,1949,Australia,98.97
13,1950,Australia,152.436
13,1951,Australia,178.857
13,1952,Australia,199.004
13,1953,Australia,211.948
13,1954,Australia,227.896
13,1955,Australia,240.08
13,1956,Australia,254.52
13,1957,Australia,268.415
13,1958,Australia,274.163
13,1959,Australia,288.818
13,1960,Australia,262.089
13,1961,Australia,309.286
13,1962,Australia,234.286
13,1963,Australia,288.353
13,1964,Australia,326.243
13,1965,Australia,379.058
13,1966,Australia,328.351
13,1967,Australia,534.47
13,1968,Australia,333.19
13,1969,Australia,253.423
13,1970,Australia,209.172
13,1971,Australia,211.456
13,1972,Australia,150.09
13,1973,Australia,162.985
13,1974,Australia,132.236
13,1975,Australia,215.63
13,1976,Australia,200.598
13,1977,Australia,335.155
13,1978,Australia,308.554
13,1979,Australia,299.992
13,1980,Australia,300.545
13,1981,Australia,366.074
13,1982,Australia,294.012
13,1983,Australia,457.327
13,1984,Australia,336.418
13,1985,Australia,288.488
13,1986,Australia,246.901
13,1987,Australia,219.761
13,1988,Australia,210.082
13,1989,Australia,217.308
13,1990,Australia,259.54
13,1991,Australia,222.567
13,1992,Australia,306.822
13,1993,Australia,331.081
13,1994,Australia,319.49
13,1995,Australia,494.442
13,1996,Australia,512.829
13,1997,Australia,455.836
13,1998,Australia,535.157
13,1999,Australia,493.981
13,2000,Australia,553.516
13,2001,Australia,466.207
13,2002,Australia,425.897
13,2003,Australia,591.15
13,2004,Australia,566.634
14,1952,Republika Południowej Afryki,158.73
14,1953,Republika Południowej Afryki,161.876
14,1954,Republika Południowej Afryki,165.736
14,1955,Republika Południowej Afryki,175.924
14,1956,Republika Południowej Afryki,183.04
14,1957,Republika Południowej Afryki,191.439
14,1958,Republika Południowej Afryki,203.209
14,1959,Republika Południowej Afryki,204.951
14,1960,Republika Południowej Afryki,221.778
14,1961,Republika Południowej Afryki,195.559
14,1962,Republika Południowej Afryki,185.189
14,1963,Republika Południowej Afryki,181.515
14,1964,Republika Południowej Afryki,186.159
14,1965,Republika Południowej Afryki,191.743
14,1966,Republika Południowej Afryki,201.191
14,1967,Republika Południowej Afryki,211.04
14,1968,Republika Południowej Afryki,216.951
14,1969,Republika Południowej Afryki,222.589
14,1970,Republika Południowej Afryki,229.219
14,1971,Republika Południowej Afryki,247.176
14,1972,Republika Południowej Afryki,248.877
14,1973,Republika Południowej Afryki,248.568
14,1974,Republika Południowej Afryki,250.104
14,1975,Republika Południowej Afryki,256.196
14,1976,Republika Południowej Afryki,261.342
14,1977,Republika Południowej Afryki,265.866
14,1978,Republika Południowej Afryki,264.222
14,1979,Republika Południowej Afryki,278.301
14,1980,Republika Południowej Afryki,287.818
14,1981,Republika Południowej Afryki,317.461
14,1982,Republika Południowej Afryki,340.251
14,1983,Republika Południowej Afryki,352.491
14,1984,Republika Południowej Afryki,373.83
14,1985,Republika Południowej Afryki,399.642
14,1986,Republika Południowej Afryki,396.854
14,1987,Republika Południowej Afryki,398.798
14,1988,Republika Południowej Afryki,417.958
14,1989,Republika Południowej Afryki,418.831
14,1990,Republika Południowej Afryki,390.93
14,1991,Republika Południowej Afryki,413.46
14,1992,Republika Południowej Afryki,392.873
14,1993,Republika Południowej Afryki,399.275
14,1994,Republika Południowej Afryki,414.092
14,1995,Republika Południowej Afryki,442.144
14,1996,Republika Południowej Afryki,439.635
14,1997,Republika Południowej Afryki,456.156
14,1998,Republika Południowej Afryki,445.956
14,1999,Republika Południowej Afryki,442.332
14,2000,Republika Południowej Afryki,436.082
14,2001,Republika Południowej Afryki,425.889
14,2002,Republika Południowej Afryki,402.712
14,2003,Republika Południowej Afryki,444.881
14,2004,Republika Południowej Afryki,487.495
14,2005,Republika Południowej Afryki,446.834
14,2006,Republika Południowej Afryki,481.168
14,2007,Republika Południowej Afryki,507.278
14,2008,Republika Południowej Afryki,527.111
15,1950,Polska,75.689
15,1951,Polska,95.694
15,1952,Polska,110.29
15,1953,Polska,129.122
15,1954,Polska,143.441
15,1955,Polska,155.052
15,1956,Polska,170.732
15,1957,Polska,184.981
15,1958,Polska,182.557
15,1959,Polska,194.868
15,1960,Polska,201.84
15,1961,Polska,205.836
15,1962,Polska,212.072
15,1963,Polska,225.591
15,1964,Polska,232.239
15,1965,Polska,237.254
15,1966,Polska,239.536
15,1967,Polska,246.283
15,1968,Polska,259.196
15,1969,Polska,277.414
15,1970,Polska,288.039
15,1971,Polska,295.156
15,1972,Polska,311.768
15,1973,Polska,317.835
15,1974,Polska,329.814
15,1975,Polska,358.904
15,1976,Polska,382.599
15,1977,Polska,402.624
15,1978,Polska,415.218
15,1979,Polska,426.089
15,1980,Polska,446.798
15,1981,Polska,393.246
15,1982,Polska,406.369
15,1983,Polska,413.516
15,1984,Polska,421.648
15,1985,Polska,433.205
15,1986,Polska,441.476
15,1987,Polska,452.827
15,1988,Polska,433.853
15,1989,Polska,412.336
15,1990,Polska,366.82
15,1991,Polska,364.093
15,1992,Polska,355.571
15,1993,Polska,356.919
15,1994,Polska,354.999
15,1995,Polska,350.345
15,1996,Polska,366.789
15,1997,Polska,358.535
15,1998,Polska,334.656
15,1999,Polska,322.236
15,2000,Polska,298.76
15,2001,Polska,280.593
15,2002,Polska,263.342
15,2003,Polska,290.305
15,2004,Polska,280.76
15,2005,Polska,288.15
15,2006,Polska,288.94
15,2007,Polska,303.07
16,1930,Włochy,75.868
16,1931,Włochy,71.786
16,1932,Włochy,63.894
16,1933,Włochy,65.244
16,1934,Włochy,72.038
16,1935,Włochy,80.435
16,1936,Włochy,65.46
16,1937,Włochy,76.974
16,1938,Włochy,80.808
16,1939,Włochy,80.013
16,1940,Włochy,79.596
16,1941,Włochy,72.18
16,1942,Włochy,73.766
16,1943,Włochy,39.882
16,1944,Włochy,36.982
16,1945,Włochy,37.082
16,1946,Włochy,53.926
16,1947,Włochy,65.449
16,1948,Włochy,61.036
16,1949,Włochy,68.443
16,1950,Włochy,59.51
16,1951,Włochy,56.137
16,1952,Włochy,54.511
16,1953,Włochy,52.567
16,1954,Włochy,53.475
16,1955,Włochy,58.0
16,1956,Włochy,61.008
16,1957,Włochy,59.492
16,1958,Włochy,54.502
16,1959,Włochy,35.764
16,1960,Włochy,58.226
16,1961,Włochy,80.306
16,1962,Włochy,101.509
16,1963,Włochy,119.991
16,1964,Włochy,134.041
16,1965,Włochy,148.728
16,1966,Włochy,175.944
16,1967,Włochy,200.447
16,1968,Włochy,211.489
16,1969,Włochy,232.76
16,1970,Włochy,202.418
16,1971,Włochy,225.948
16,1972,Włochy,245.152
16,1973,Włochy,278.008
16,1974,Włochy,286.277
16,1975,Włochy,271.901
16,1976,Włochy,298.233
16,1977,Włochy,293.423
16,1978,Włochy,312.341
16,1979,Włochy,328.156
16,1980,Włochy,331.575
16,1981,Włochy,323.042
16,1982,Włochy,313.224
16,1983,Włochy,306.39
16,1984,Włochy,311.681
16,1985,Włochy,318.585
16,1986,Włochy,314.422
16,1987,Włochy,330.835
16,1988,Włochy,338.979
16,1989,Włochy,360.001
16,1990,Włochy,386.786
16,1991,Włochy,383.341
16,1992,Włochy,380.197
16,1993,Włochy,371.337
16,1994,Włochy,364.022
16,1995,Włochy,396.198
16,1996,Włochy,391.16
16,1997,Włochy,411.406
16,1998,Włochy,442.441
16,1999,Włochy,435.092
16,2000,Włochy,434.899
16,2001,Włochy,429.323
16,2002,Włochy,429.55
16,2003,Włochy,452.763
16,2004,Włochy,456.137
17,1923,Kolumbia,208.419
17,1924,Kolumbia,211.505
17,1925,Kolumbia,218.1
17,1926,Kolumbia,222.852
17,1927,Kolumbia,222.879
17,1928,Kolumbia,223.867
17,1929,Kolumbia,219.651
17,1930,Kolumbia,194.15
17,1931,Kolumbia,176.821
17,1932,Kolumbia,173.721
17,1933,Kolumbia,168.002
17,1934,Kolumbia,165.552
17,1935,Kolumbia,168.951
17,1936,Kolumbia,167.705
17,1937,Kolumbia,161.846
17,1938,Kolumbia,157.365
17,1939,Kolumbia,150.29
17,1940,Kolumbia,231.064
17,1941,Kolumbia,260.562
17,1942,Kolumbia,279.544
17,1943,Kolumbia,294.639
17,1944,Kolumbia,291.811
17,1945,Kolumbia,295.75
17,1946,Kolumbia,299.484
17,1947,Kolumbia,297.796
17,1948,Kolumbia,293.787
17,1949,Kolumbia,294.899
17,1950,Kolumbia,325.045
17,1951,Kolumbia,333.084
17,1952,Kolumbia,335.942
17,1953,Kolumbia,343.667
17,1954,Kolumbia,335.039
17,1955,Kolumbia,351.238
17,1956,Kolumbia,361.092
17,1957,Kolumbia,375.638
17,1958,Kolumbia,403.11
17,1959,Kolumbia,455.203
17,1960,Kolumbia,274.642
17,1961,Kolumbia,389.834
17,1962,Kolumbia,319.365
17,1963,Kolumbia,282.186
17,1964,Kolumbia,366.102
17,1965,Kolumbia,205.564
17,1966,Kolumbia,153.707
17,1967,Kolumbia,125.3
17,1968,Kolumbia,108.702
17,1969,Kolumbia,94.909
17,1970,Kolumbia,434.102
17,1971,Kolumbia,207.112
17,1972,Kolumbia,148.007
17,1973,Kolumbia,126.152
17,1974,Kolumbia,112.197
17,1975,Kolumbia,101.463
17,1976,Kolumbia,123.998
17,1977,Kolumbia,96.923
17,1978,Kolumbia,93.537
17,1979,Kolumbia,90.729
17,1980,Kolumbia,89.787
17,1981,Kolumbia,85.672
17,1982,Kolumbia,86.167
17,1983,Kolumbia,84.828
17,1984,Kolumbia,88.753
17,1985,Kolumbia,81.569
17,1986,Kolumbia,78.294
17,1987,Kolumbia,71.798
17,1988,Kolumbia,67.922
17,1989,Kolumbia,64.189
17,1990,Kolumbia,59.487
17,1991,Kolumbia,81.261
17,1992,Kolumbia,83.19
17,1993,Kolumbia,89.358
17,1994,Kolumbia,81.294
17,1995,Kolumbia,120.098
17,1996,Kolumbia,132.686
17,1997,Kolumbia,189.056
17,1998,Kolumbia,202.366
17,1999,Kolumbia,150.717
17,2000,Kolumbia,56.201
17,2001,Kolumbia,27.081
17,2002,Kolumbia,83.456
18,1952,Tajlandia,232.29
18,1953,Tajlandia,236.698
18,1954,Tajlandia,243.131
18,1955,Tajlandia,253.701
18,1956,Tajlandia,260.941
18,1957,Tajlandia,262.601
18,1958,Tajlandia,278.8
18,1959,Tajlandia,251.831
18,1960,Tajlandia,167.96
18,1961,Tajlandia,221.034
18,1962,Tajlandia,310.041
18,1963,Tajlandia,275.266
18,1964,Tajlandia,252.734
18,1965,Tajlandia,252.854
18,1966,Tajlandia,252.231
18,1967,Tajlandia,238.468
18,1968,Tajlandia,237.028
18,1969,Tajlandia,266.535
18,1970,Tajlandia,223.948
18,1971,Tajlandia,423.923
18,1972,Tajlandia,548.567
18,1973,Tajlandia,576.734
18,1974,Tajlandia,446.239
18,1975,Tajlandia,370.718
18,1976,Tajlandia,381.102
18,1977,Tajlandia,374.074
18,1978,Tajlandia,344.055
18,1979,Tajlandia,302.916
18,1980,Tajlandia,333.641
18,1981,Tajlandia,353.212
18,1982,Tajlandia,263.088
18,1983,Tajlandia,233.43
18,1984,Tajlandia,337.392
18,1985,Tajlandia,283.771
18,1986,Tajlandia,336.272
18,1987,Tajlandia,257.316
18,1988,Tajlandia,200.316
18,1989,Tajlandia,188.407
18,1990,Tajlandia,212.311
18,1991,Tajlandia,177.106
18,1992,Tajlandia,167.187
18,1993,Tajlandia,200.67
18,1994,Tajlandia,228.966
18,1995,Tajlandia,251.552
18,1996,Tajlandia,273.046
18,1997,Tajlandia,269.709
18,1998,Tajlandia,248.453
18,1999,Tajlandia,253.003
18,2000,Tajlandia,255.424
18,2001,Tajlandia,263.422
18,2002,Tajlandia,272.497
18,2003,Tajlandia,283.111
18,2004,Tajlandia,300.66
18,2005,Tajlandia,309.582
18,2006,Tajlandia,310.296
18,2007,Tajlandia,343.055
19,1952,Demokratyczna Republika Konga,315.091
19,1953,Demokratyczna Republika Konga,336.54
19,1954,Demokratyczna Republika Konga,354.32
19,1955,Demokratyczna Republika Konga,372.265
19,1956,Demokratyczna Republika Konga,393.027
19,1957,Demokratyczna Republika Konga,416.94
19,1958,Demokratyczna Republika Konga,438.008
19,1959,Demokratyczna Republika Konga,455.721
19,1960,Demokratyczna Republika Konga,581.932
19,1961,Demokratyczna Republika Konga,391.36
19,1962,Demokratyczna Republika Konga,299.525
19,1963,Demokratyczna Republika Konga,219.363
19,1964,Demokratyczna Republika Konga,174.465
19,1965,Demokratyczna Republika Konga,148.893
19,1966,Demokratyczna Republika Konga,126.786
19,1967,Demokratyczna Republika Konga,124.067
19,1968,Demokratyczna Republika Konga,114.191
19,1969,Demokratyczna Republika Konga,114.016
19,1970,Demokratyczna Republika Konga,110.813
19,1971,Demokratyczna Republika Konga,113.578
19,1972,Demokratyczna Republika Konga,111.344
19,1973,Demokratyczna Republika Konga,104.667
19,1974,Demokratyczna Republika Konga,87.234
19,1975,Demokratyczna Republika Konga,90.439
19,1976,Demokratyczna Republika Konga,90.788
19,1977,Demokratyczna Republika Konga,90.257
19,1978,Demokratyczna Republika Konga,74.552
19,1979,Demokratyczna Republika Konga,79.5
19,1980,Demokratyczna Republika Konga,92.855
19,1981,Demokratyczna Republika Konga,92.322
19,1982,Demokratyczna Republika Konga,92.661
19,1983,Demokratyczna Republika Konga,92.961
19,1984,Demokratyczna Republika Konga,99.108
19,1985,Demokratyczna Republika Konga,98.864
19,1986,Demokratyczna Republika Konga,93.718
19,1987,Demokratyczna Republika Konga,87.301
19,1988,Demokratyczna Republika Konga,80.737
19,1989,Demokratyczna Republika Konga,82.28
19,1990,Demokratyczna Republika Konga,86.538
19,1991,Demokratyczna Republika Konga,90.92
19,1992,Demokratyczna Republika Konga,87.871
19,1993,Demokratyczna Republika Konga,105.322
19,1994,Demokratyczna Republika Konga,114.936
19,1995,Demokratyczna Republika Konga,128.176
19,1996,Demokratyczna Republika Konga,125.309
19,1997,Demokratyczna Republika Konga,169.085
19,1998,Demokratyczna Republika Konga,174.415
19,1999,Demokratyczna Republika Konga,181.915
19,2000,Demokratyczna Republika Konga,184.862
19,2001,Demokratyczna Republika Konga,146.782
19,2002,Demokratyczna Republika Konga,132.261
19,2003,Demokratyczna Republika Konga,167.371
19,2004,Demokratyczna Republika Konga,139.843
19,2005,Demokratyczna Republika Konga,142.105
19,2006,Demokratyczna Republika Konga,143.352
19,2007,Demokratyczna Republika Konga,145.338
19,2008,Demokratyczna Republika Konga,451.586
20,1930,Argentyna,194.254
20,1931,Argentyna,162.773
20,1932,Argentyna,145.669
20,1933,Argentyna,134.413
20,1934,Argentyna,126.997
20,1935,Argentyna,119.917
20,1936,Argentyna,115.337
20,1937,Argentyna,111.93
20,1938,Argentyna,108.622
20,1939,Argentyna,105.585
20,1940,Argentyna,78.264
20,1941,Argentyna,60.417
20,1942,Argentyna,48.167
20,1943,Argentyna,39.473
20,1944,Argentyna,31.681
20,1945,Argentyna,24.88
20,1946,Argentyna,19.289
20,1947,Argentyna,15.162
20,1948,Argentyna,13.651
20,1949,Argentyna,7.442
20,1950,Argentyna,41.948
20,1951,Argentyna,57.529
20,1952,Argentyna,66.139
20,1953,Argentyna,70.427
20,1954,Argentyna,75.862
20,1955,Argentyna,81.884
20,1956,Argentyna,89.352
20,1957,Argentyna,94.585
20,1958,Argentyna,92.957
20,1959,Argentyna,100.071
20,1960,Argentyna,82.386
20,1961,Argentyna,116.72
20,1962,Argentyna,122.805
20,1963,Argentyna,120.948
20,1964,Argentyna,133.395
20,1965,Argentyna,190.78
20,1966,Argentyna,193.385
20,1967,Argentyna,254.527
20,1968,Argentyna,196.375
20,1969,Argentyna,172.333
20,1970,Argentyna,161.313
20,1971,Argentyna,157.94
20,1972,Argentyna,153.368
20,1973,Argentyna,153.283
20,1974,Argentyna,152.126
20,1975,Argentyna,148.892
20,1976,Argentyna,151.256
20,1977,Argentyna,151.535
20,1978,Argentyna,151.179
20,1979,Argentyna,158.125
20,1980,Argentyna,156.108
20,1981,Argentyna,147.343
20,1982,Argentyna,148.151
20,1983,Argentyna,149.939
20,1984,Argentyna,150.779
20,1985,Argentyna,143.956
20,1986,Argentyna,146.849
20,1987,Argentyna,157.474
20,1988,Argentyna,161.914
20,1989,Argentyna,157.127
20,1990,Argentyna,152.031
20,1991,Argentyna,201.19
20,1992,Argentyna,176.526
20,1993,Argentyna,162.166
20,1994,Argentyna,161.877
20,1995,Argentyna,168.946
20,1996,Argentyna,176.25
20,1997,Argentyna,186.306
20,1998,Argentyna,195.334
20,1999,Argentyna,200.414
20,2000,Argentyna,196.018
20,2001,Argentyna,184.885
20,2002,Argentyna,304.011
20,2003,Argentyna,378.104
21,1952,Iran,35.763
21,1953,Iran,39.404
21,1954,Iran,40.01
21,1955,Iran,57.621
21,1956,Iran,67.389
21,1957,Iran,70.068
21,1958,Iran,75.356
21,1959,Iran,76.278
21,1960,Iran,91.888
21,1961,Iran,75.31
21,1962,Iran,70.639
21,1963,Iran,71.018
21,1964,Iran,75.113
21,1965,Iran,77.055
21,1966,Iran,87.772
21,1967,Iran,90.127
21,1968,Iran,103.07
21,1969,Iran,100.867
21,1970,Iran,129.449
21,1971,Iran,159.419
21,1972,Iran,176.314
21,1973,Iran,162.414
21,1974,Iran,155.95
21,1975,Iran,137.869
21,1976,Iran,149.143
21,1977,Iran,142.129
21,1978,Iran,195.32
21,1979,Iran,135.195
21,1980,Iran,118.387
21,1981,Iran,127.952
21,1982,Iran,153.009
21,1983,Iran,167.462
21,1984,Iran,171.192
21,1985,Iran,184.564
21,1986,Iran,175.489
21,1987,Iran,189.856
21,1988,Iran,183.093
21,1989,Iran,186.194
21,1990,Iran,277.992
21,1991,Iran,285.179
21,1992,Iran,261.523
21,1993,Iran,257.989
21,1994,Iran,271.847
21,1995,Iran,260.918
21,1996,Iran,285.515
21,1997,Iran,259.496
21,1998,Iran,266.373
21,1999,Iran,387.483
21,2000,Iran,372.269
21,2001,Iran,395.063
21,2002,Iran,402.807
21,2003,Iran,418.96
21,2004,Iran,452.316
21,2005,Iran,481.374
21,2006,Iran,478.11
21,2007,Iran,492.104
22,1902,Malezja,42.311
22,1903,Malezja,31.963
22,1904,Malezja,22.222
22,1905,Malezja,46.307
22,1906,Malezja,58.102
22,1907,Malezja,55.795
22,1908,Malezja,54.266
22,1909,Malezja,50.383
22,1910,Malezja,41.57
22,1911,Malezja,69.4535
22,1912,Malezja,97.337
22,1913,Malezja,84.377
22,1914,Malezja,98.204
22,1915,Malezja,93.302
22,1916,Malezja,88.685
22,1917,Malezja,112.809
22,1918,Malezja,120.107
22,1919,Malezja,89.018
22,1920,Malezja,75.242
22,1921,Malezja,55.223
22,1922,Malezja,24.211
22,1923,Malezja,44.435
22,1924,Malezja,26.852
22,1925,Malezja,27.345
22,1926,Malezja,14.321
22,1927,Malezja,6.449
22,1928,Malezja,16.294
22,1929,Malezja,28.499
22,1930,Malezja,61.742
22,1931,Malezja,53.653
22,1932,Malezja,45.388
22,1933,Malezja,62.932
22,1934,Malezja,69.364
22,1935,Malezja,60.98
22,1936,Malezja,37.943
22,1937,Malezja,74.075
22,1938,Malezja,76.019
22,1939,Malezja,62.398
22,1940,Malezja,84.873
22,1941,Malezja,97.585
22,1942,Malezja,107.484
22,1943,Malezja,90.815
22,1944,Malezja,96.924
22,1945,Malezja,97.552
22,1946,Malezja,91.45
22,1947,Malezja,103.029
22,1948,Malezja,95.903
22,1949,Malezja,97.868
22,1950,Malezja,60.292
22,1951,Malezja,48.556
22,1952,Malezja,44.863
22,1953,Malezja,39.129
22,1954,Malezja,39.437
22,1955,Malezja,35.41
22,1956,Malezja,31.627
22,1957,Malezja,23.976
22,1958,Malezja,24.934
22,1959,Malezja,16.462
22,1960,Malezja,18.591
22,1961,Malezja,47.575
22,1962,Malezja,91.453
22,1963,Malezja,81.015
22,1964,Malezja,124.997
22,1965,Malezja,68.438
22,1966,Malezja,87.707
22,1967,Malezja,128.904
22,1968,Malezja,109.846
22,1969,Malezja,145.715
22,1970,Malezja,127.9
22,1971,Malezja,159.882
22,1972,Malezja,149.892
22,1973,Malezja,132.402
22,1974,Malezja,160.581
22,1975,Malezja,167.76
22,1976,Malezja,200.283
22,1977,Malezja,207.841
22,1978,Malezja,202.252
22,1979,Malezja,181.352
22,1980,Malezja,194.014
22,1981,Malezja,176.292
22,1982,Malezja,193.645
22,1983,Malezja,155.441
22,1984,Malezja,220.981
22,1985,Malezja,313.565
22,1986,Malezja,403.299
22,1987,Malezja,397.166
22,1988,Malezja,421.89
22,1989,Malezja,293.183
22,1990,Malezja,234.779
22,1991,Malezja,210.81
22,1992,Malezja,239.992
22,1993,Malezja,268.785
22,1994,Malezja,254.996
22,1995,Malezja,245.841
22,1996,Malezja,237.165
22,1997,Malezja,234.563
22,1998,Malezja,246.067
23,1982,Kazachstan,241.284
23,1983,Kazachstan,241.662
23,1984,Kazachstan,243.318
23,1985,Kazachstan,261.266
23,1986,Kazachstan,265.854
23,1987,Kazachstan,261.211
23,1988,Kazachstan,272.904
23,1989,Kazachstan,260.865
23,1990,Kazachstan,265.154
23,1991,Kazachstan,265.583
23,1992,Kazachstan,237.214
23,1993,Kazachstan,199.754
23,1994,Kazachstan,170.287
23,1995,Kazachstan,122.134
23,1996,Kazachstan,110.833
23,1997,Kazachstan,100.825
23,1998,Kazachstan,108.342
23,1999,Kazachstan,45.525
23,2000,Kazachstan,63.27
23,2001,Kazachstan,46.603
23,2002,Kazachstan,78.408
23,2003,Kazachstan,110.81
23,2004,Kazachstan,128.973
23,2005,Kazachstan,148.45
23,2006,Kazachstan,172.867
23,2007,Kazachstan,178.945
23,2008,Kazachstan,187.059
23,2009,Kazachstan,188.897
23,2010,Kazachstan,236.819
23,2011,Kazachstan,226.558
23,2012,Kazachstan,232.561
23,2013,Kazachstan,238.782
24,1961,Arabia Saudyjska,4.109
24,1962,Arabia Saudyjska,6.982
24,1963,Arabia Saudyjska,7.993
24,1964,Arabia Saudyjska,8.059
24,1965,Arabia Saudyjska,5.292
24,1966,Arabia Saudyjska,7.481
24,1967,Arabia Saudyjska,27.096
24,1968,Arabia Saudyjska,31.064
24,1969,Arabia Saudyjska,37.323
24,1970,Arabia Saudyjska,47.477
24,1971,Arabia Saudyjska,62.22
24,1972,Arabia Saudyjska,73.016
24,1973,Arabia Saudyjska,98.415
24,1974,Arabia Saudyjska,101.679
24,1975,Arabia Saudyjska,86.697
24,1976,Arabia Saudyjska,104.82
24,1977,Arabia Saudyjska,121.373
24,1978,Arabia Saudyjska,118.353
24,1979,Arabia Saudyjska,141.373
24,1980,Arabia Saudyjska,172.587
24,1981,Arabia Saudyjska,178.783
24,1982,Arabia Saudyjska,165.502
24,1983,Arabia Saudyjska,169.122
24,1984,Arabia Saudyjska,165.674
24,1985,Arabia Saudyjska,182.288
24,1986,Arabia Saudyjska,215.743
24,1987,Arabia Saudyjska,200.873
24,1988,Arabia Saudyjska,212.779
24,1989,Arabia Saudyjska,215.346
24,1990,Arabia Saudyjska,194.118
24,1991,Arabia Saudyjska,253.508
24,1992,Arabia Saudyjska,282.631
24,1993,Arabia Saudyjska,302.029
24,1994,Arabia Saudyjska,294.329
24,1995,Arabia Saudyjska,276.928
24,1996,Arabia Saudyjska,271.333
24,1997,Arabia Saudyjska,228.69
24,1998,Arabia Saudyjska,220.294
24,1999,Arabia Saudyjska,239.012
24,2000,Arabia Saudyjska,311.011
24,2001,Arabia Saudyjska,325.675
24,2002,Arabia Saudyjska,349.326
24,2003,Arabia Saudyjska,352.011
24,2004,Arabia Saudyjska,408.565
24,2005,Arabia Saudyjska,412.37
24,2006,Arabia Saudyjska,445.616
24,2007,Arabia Saudyjska,422.811
24,2008,Arabia Saudyjska,467.767
24,2009,Arabia Saudyjska,502.476
24,2010,Arabia Saudyjska,554.403
25,1930,Turcja,74.438
25,1931,Turcja,82.102
25,1932,Turcja,87.397
25,1933,Turcja,92.296
25,1934,Turcja,96.892
25,1935,Turcja,100.036
25,1936,Turcja,102.615
25,1937,Turcja,103.352
25,1938,Turcja,105.797
25,1939,Turcja,107.915
25,1940,Turcja,99.936
25,1941,Turcja,97.356
25,1942,Turcja,95.24
25,1943,Turcja,95.407
25,1944,Turcja,95.547
25,1945,Turcja,95.016
25,1946,Turcja,94.451
25,1947,Turcja,94.497
25,1948,Turcja,94.362
25,1949,Turcja,94.362
25,1950,Turcja,119.335
25,1951,Turcja,131.184
25,1952,Turcja,137.393
25,1953,Turcja,149.65
25,1954,Turcja,150.976
25,1955,Turcja,153.425
25,1956,Turcja,155.876
25,1957,Turcja,158.226
25,1958,Turcja,155.584
25,1959,Turcja,150.527
25,1960,Turcja,104.854
25,1961,Turcja,100.788
25,1962,Turcja,154.233
25,1963,Turcja,106.795
25,1964,Turcja,96.831
25,1965,Turcja,106.443
25,1966,Turcja,88.699
25,1967,Turcja,111.821
25,1968,Turcja,191.789
25,1969,Turcja,122.067
25,1970,Turcja,124.871
25,1971,Turcja,161.559
25,1972,Turcja,133.506
25,1973,Turcja,114.464
25,1974,Turcja,101.036
25,1975,Turcja,102.911
25,1976,Turcja,122.52
25,1977,Turcja,125.242
25,1978,Turcja,178.866
25,1979,Turcja,127.525
25,1980,Turcja,118.942
25,1981,Turcja,85.286
25,1982,Turcja,81.18
25,1983,Turcja,154.467
25,1984,Turcja,140.487
25,1985,Turcja,136.04
25,1986,Turcja,184.869
25,1987,Turcja,161.045
25,1988,Turcja,171.07
25,1989,Turcja,160.771
25,1990,Turcja,179.476
25,1991,Turcja,173.173
25,1992,Turcja,176.408
25,1993,Turcja,200.151
25,1994,Turcja,174.833
25,1995,Turcja,180.223
25,1996,Turcja,195.113
25,1997,Turcja,229.906
25,1998,Turcja,225.026
25,1999,Turcja,206.132
25,2000,Turcja,239.488
25,2001,Turcja,233.811
25,2002,Turcja,215.98
25,2003,Turcja,276.292
26,1930,Hiszpania,66.652
26,1931,Hiszpania,65.437
26,1932,Hiszpania,64.187
26,1933,Hiszpania,61.896
26,1934,Hiszpania,63.629
26,1935,Hiszpania,66.135
26,1936,Hiszpania,51.916
26,1937,Hiszpania,49.385
26,1938,Hiszpania,57.656
26,1939,Hiszpania,60.326
26,1940,Hiszpania,54.126
26,1941,Hiszpania,48.524
26,1942,Hiszpania,46.885
26,1943,Hiszpania,45.384
26,1944,Hiszpania,45.576
26,1945,Hiszpania,46.695
26,1946,Hiszpania,45.322
26,1947,Hiszpania,47.446
26,1948,Hiszpania,48.23
26,1949,Hiszpania,50.704
26,1950,Hiszpania,48.956
26,1951,Hiszpania,49.303
26,1952,Hiszpania,54.162
26,1953,Hiszpania,56.026
26,1954,Hiszpania,57.387
26,1955,Hiszpania,58.533
26,1956,Hiszpania,61.462
26,1957,Hiszpania,70.781
26,1958,Hiszpania,78.318
26,1959,Hiszpania,91.646
26,1960,Hiszpania,66.237
26,1961,Hiszpania,71.451
26,1962,Hiszpania,70.81
26,1963,Hiszpania,60.322
26,1964,Hiszpania,67.331
26,1965,Hiszpania,62.919
26,1966,Hiszpania,95.053
26,1967,Hiszpania,87.266
26,1968,Hiszpania,131.479
26,1969,Hiszpania,103.005
26,1970,Hiszpania,170.041
26,1971,Hiszpania,149.602
26,1972,Hiszpania,151.365
26,1973,Hiszpania,154.707
26,1974,Hiszpania,168.863
26,1975,Hiszpania,172.019
26,1976,Hiszpania,187.504
26,1977,Hiszpania,184.324
26,1978,Hiszpania,188.026
26,1979,Hiszpania,190.709
26,1980,Hiszpania,202.368
26,1981,Hiszpania,195.364
26,1982,Hiszpania,198.841
26,1983,Hiszpania,193.458
26,1984,Hiszpania,185.132
26,1985,Hiszpania,188.936
26,1986,Hiszpania,177.865
26,1987,Hiszpania,178.566
26,1988,Hiszpania,186.935
26,1989,Hiszpania,212.195
26,1990,Hiszpania,216.539
26,1991,Hiszpania,223.547
26,1992,Hiszpania,224.984
26,1993,Hiszpania,215.482
26,1994,Hiszpania,206.679
26,1995,Hiszpania,261.529
26,1996,Hiszpania,237.605
26,1997,Hiszpania,230.479
26,1998,Hiszpania,248.503
26,1999,Hiszpania,274.864
26,2000,Hiszpania,279.87
26,2001,Hiszpania,284.65
26,2002,Hiszpania,316.263
26,2003,Hiszpania,321.944
26,2004,Hiszpania,334.361
27,1913,Korea Południowa,0.642
27,1914,Korea Południowa,1.04
27,1915,Korea Południowa,1.259
27,1916,Korea Południowa,1.405
27,1917,Korea Południowa,1.765
27,1918,Korea Południowa,2.125
27,1919,Korea Południowa,2.471
27,1920,Korea Południowa,2.645
27,1921,Korea Południowa,2.79
27,1922,Korea Południowa,3.088
27,1923,Korea Południowa,2.979
27,1924,Korea Południowa,3.511
27,1925,Korea Południowa,3.401
27,1926,Korea Południowa,3.458
27,1927,Korea Południowa,3.75
27,1928,Korea Południowa,4.085
27,1929,Korea Południowa,4.75
27,1930,Korea Południowa,3.868
27,1931,Korea Południowa,3.373
27,1932,Korea Południowa,3.599
27,1933,Korea Południowa,3.031
27,1934,Korea Południowa,2.979
27,1935,Korea Południowa,3.059
27,1936,Korea Południowa,2.704
27,1937,Korea Południowa,2.884
27,1938,Korea Południowa,2.734
27,1939,Korea Południowa,3.499
27,1940,Korea Południowa,3.141
27,1941,Korea Południowa,2.944
27,1942,Korea Południowa,3.474
27,1943,Korea Południowa,3.548
27,1944,Korea Południowa,3.566
27,1945,Korea Południowa,2.0
27,1946,Korea Południowa,2.564
27,1947,Korea Południowa,2.889
27,1948,Korea Południowa,3.615
27,1949,Korea Południowa,4.322
27,1950,Korea Południowa,3.483
27,1951,Korea Południowa,3.915
27,1952,Korea Południowa,4.179
27,1953,Korea Południowa,5.09
27,1954,Korea Południowa,5.264
27,1955,Korea Południowa,6.381
27,1956,Korea Południowa,6.61
27,1957,Korea Południowa,6.596
27,1958,Korea Południowa,6.225
27,1959,Korea Południowa,-99.693
27,1960,Korea Południowa,-90.702
27,1961,Korea Południowa,-85.328
27,1962,Korea Południowa,-77.9
27,1963,Korea Południowa,-67.264
27,1964,Korea Południowa,-59.754
27,1965,Korea Południowa,-52.664
27,1966,Korea Południowa,-44.189
27,1967,Korea Południowa,-35.669
27,1968,Korea Południowa,-31.19
27,1969,Korea Południowa,-23.922
27,1970,Korea Południowa,-10.887
27,1971,Korea Południowa,-4.374
27,1972,Korea Południowa,-0.466
27,1973,Korea Południowa,14.535
27,1974,Korea Południowa,19.434
27,1975,Korea Południowa,27.682
27,1976,Korea Południowa,40.936
27,1977,Korea Południowa,55.238
27,1978,Korea Południowa,64.608
27,1979,Korea Południowa,85.956
27,1980,Korea Południowa,89.3
27,1981,Korea Południowa,96.165
27,1982,Korea Południowa,99.144
27,1983,Korea Południowa,108.689
27,1984,Korea Południowa,122.067
27,1985,Korea Południowa,131.406
27,1986,Korea Południowa,140.755
27,1987,Korea Południowa,151.167
27,1988,Korea Południowa,177.953
27,1989,Korea Południowa,191.371
27,1990,Korea Południowa,219.296
27,1991,Korea Południowa,245.258
27,1992,Korea Południowa,270.788
27,1993,Korea Południowa,301.515
27,1994,Korea Południowa,327.506
27,1995,Korea Południowa,355.28
27,1996,Korea Południowa,393.298
27,1997,Korea Południowa,418.062
27,1998,Korea Południowa,352.166
27,1999,Korea Południowa,387.415
27,2000,Korea Południowa,416.21
28,1930,Filipiny,78.313
28,1931,Filipiny,90.524
28,1932,Filipiny,91.657
28,1933,Filipiny,101.556
28,1934,Filipiny,87.784
28,1935,Filipiny,99.265
28,1936,Filipiny,94.81
28,1937,Filipiny,98.611
28,1938,Filipiny,97.62
28,1939,Filipiny,94.756
28,1940,Filipiny,61.517
28,1941,Filipiny,39.996
28,1942,Filipiny,36.32425
28,1943,Filipiny,32.6525
28,1944,Filipiny,28.98075
28,1945,Filipiny,25.309
28,1946,Filipiny,29.719
28,1947,Filipiny,21.514
28,1948,Filipiny,23.562
28,1949,Filipiny,22.546
28,1950,Filipiny,79.521
28,1951,Filipiny,108.527
28,1952,Filipiny,138.923
28,1953,Filipiny,167.501
28,1954,Filipiny,204.658
28,1955,Filipiny,211.194
28,1956,Filipiny,221.674
28,1957,Filipiny,239.112
28,1958,Filipiny,237.814
28,1959,Filipiny,254.91
28,1960,Filipiny,169.263
28,1961,Filipiny,142.764
28,1962,Filipiny,137.845
28,1963,Filipiny,205.419
28,1964,Filipiny,159.62
28,1965,Filipiny,114.605
28,1966,Filipiny,156.92
28,1967,Filipiny,112.837
28,1968,Filipiny,97.605
28,1969,Filipiny,112.34
28,1970,Filipiny,91.597
28,1971,Filipiny,127.69
28,1972,Filipiny,151.689
28,1973,Filipiny,204.138
28,1974,Filipiny,259.746
28,1975,Filipiny,333.439
28,1976,Filipiny,357.071
28,1977,Filipiny,252.08
28,1978,Filipiny,252.129
28,1979,Filipiny,260.035
28,1980,Filipiny,196.379
28,1981,Filipiny,163.479
28,1982,Filipiny,140.02
28,1983,Filipiny,119.966
28,1984,Filipiny,120.988
28,1985,Filipiny,109.755
28,1986,Filipiny,98.082
28,1987,Filipiny,97.287
28,1988,Filipiny,99.525
28,1989,Filipiny,96.205
28,1990,Filipiny,94.446
28,1991,Filipiny,84.123
28,1992,Filipiny,80.526
28,1993,Filipiny,72.675
28,1994,Filipiny,80.15
28,1995,Filipiny,103.05
28,1996,Filipiny,144.314
28,1997,Filipiny,96.88
28,1998,Filipiny,95.099
28,1999,Filipiny,91.2
28,2000,Filipiny,91.948
28,2001,Filipiny,86.71
28,2002,Filipiny,114.671
28,2003,Filipiny,150.155
28,2004,Filipiny,105.408
29,1952,Nigeria,145.697
29,1953,Nigeria,145.447
29,1954,Nigeria,147.6
29,1955,Nigeria,150.525
29,1956,Nigeria,154.462
29,1957,Nigeria,156.468
29,1958,Nigeria,165.785
29,1959,Nigeria,169.801
29,1960,Nigeria,175.168
29,1961,Nigeria,142.953
29,1962,Nigeria,121.515
29,1963,Nigeria,112.194
29,1964,Nigeria,107.02
29,1965,Nigeria,96.301
29,1966,Nigeria,78.522
29,1967,Nigeria,84.552
29,1968,Nigeria,88.118
29,1969,Nigeria,91.45
29,1970,Nigeria,97.923
29,1971,Nigeria,104.342
29,1972,Nigeria,110.859
29,1973,Nigeria,117.054
29,1974,Nigeria,124.413
29,1975,Nigeria,106.214
29,1976,Nigeria,115.578
29,1977,Nigeria,105.089
29,1978,Nigeria,113.973
29,1979,Nigeria,135.086
29,1980,Nigeria,125.572
29,1981,Nigeria,118.657
29,1982,Nigeria,116.263
29,1983,Nigeria,123.009
29,1984,Nigeria,136.484
29,1985,Nigeria,131.899
29,1986,Nigeria,121.906
29,1987,Nigeria,107.147
29,1988,Nigeria,114.641
29,1989,Nigeria,94.465
29,1990,Nigeria,162.508
29,1991,Nigeria,206.918
29,1992,Nigeria,199.69
29,1993,Nigeria,255.706
29,1994,Nigeria,388.036
29,1995,Nigeria,313.089
29,1996,Nigeria,272.874
29,1997,Nigeria,295.95
29,1998,Nigeria,315.66
29,1999,Nigeria,250.459
29,2000,Nigeria,291.045
29,2001,Nigeria,251.169
29,2002,Nigeria,204.888
29,2003,Nigeria,211.306
29,2004,Nigeria,185.212
29,2005,Nigeria,173.421
29,2006,Nigeria,137.54
29,2007,Nigeria,100.2
29,2008,Nigeria,190.095
30,1952,Wietnam,49.681
30,1953,Wietnam,62.152
30,1954,Wietnam,76.782
30,1955,Wietnam,89.007
30,1956,Wietnam,98.608
30,1957,Wietnam,108.203
30,1958,Wietnam,118.847
30,1959,Wietnam,142.329
30,1960,Wietnam,90.817
30,1961,Wietnam,73.935
30,1962,Wietnam,66.569
30,1963,Wietnam,61.149
30,1964,Wietnam,60.073
30,1965,Wietnam,58.398
30,1966,Wietnam,66.812
30,1967,Wietnam,69.804
30,1968,Wietnam,68.074
30,1969,Wietnam,75.531
30,1970,Wietnam,69.563
30,1971,Wietnam,68.054
30,1972,Wietnam,70.479
30,1973,Wietnam,72.359
30,1974,Wietnam,61.128
30,1975,Wietnam,109.027
30,1976,Wietnam,91.785
30,1977,Wietnam,78.245
30,1978,Wietnam,69.494
30,1979,Wietnam,65.023
30,1980,Wietnam,64.697
30,1981,Wietnam,62.651
30,1982,Wietnam,63.642
30,1983,Wietnam,61.863
30,1984,Wietnam,53.678
30,1985,Wietnam,58.245
30,1986,Wietnam,59.958
30,1987,Wietnam,65.31
30,1988,Wietnam,64.818
30,1989,Wietnam,57.01
30,1990,Wietnam,64.82
30,1991,Wietnam,120.801
30,1992,Wietnam,96.349
30,1993,Wietnam,89.674
30,1994,Wietnam,82.962
30,1995,Wietnam,180.765
30,1996,Wietnam,160.82
30,1997,Wietnam,173.137
30,1998,Wietnam,214.992
30,1999,Wietnam,234.697
30,2000,Wietnam,321.129
30,2001,Wietnam,215.13
30,2002,Wietnam,197.215
30,2003,Wietnam,226.594
30,2004,Wietnam,245.597
30,2005,Wietnam,206.432
30,2006,Wietnam,189.044
30,2007,Wietnam,216.408
31,1906,Wenezuela,2.05
31,1907,Wenezuela,3.674
31,1908,Wenezuela,1.784
31,1909,Wenezuela,2.7
31,1910,Wenezuela,3.682
31,1911,Wenezuela,1.957
31,1912,Wenezuela,1.726
31,1913,Wenezuela,3.363
31,1914,Wenezuela,3.055
31,1915,Wenezuela,1.211
31,1916,Wenezuela,2.808
31,1917,Wenezuela,1.327
31,1918,Wenezuela,1.764
31,1919,Wenezuela,2.72
31,1920,Wenezuela,14.721
31,1921,Wenezuela,24.067
31,1922,Wenezuela,34.565
31,1923,Wenezuela,35.07
31,1924,Wenezuela,36.061
31,1925,Wenezuela,40.46
31,1926,Wenezuela,42.755
31,1927,Wenezuela,41.618
31,1928,Wenezuela,43.428
31,1929,Wenezuela,43.984
31,1930,Wenezuela,45.878
31,1931,Wenezuela,42.023
31,1932,Wenezuela,44.116
31,1933,Wenezuela,45.107
31,1934,Wenezuela,46.542
31,1935,Wenezuela,44.843
31,1936,Wenezuela,44.233
31,1937,Wenezuela,54.666
31,1938,Wenezuela,47.63
31,1939,Wenezuela,48.905
31,1940,Wenezuela,73.278
31,1941,Wenezuela,82.052
31,1942,Wenezuela,85.381
31,1943,Wenezuela,86.689
31,1944,Wenezuela,92.421
31,1945,Wenezuela,96.028
31,1946,Wenezuela,98.691
31,1947,Wenezuela,100.458
31,1948,Wenezuela,108.495
31,1949,Wenezuela,111.531
31,1950,Wenezuela,140.881
31,1951,Wenezuela,169.643
31,1952,Wenezuela,187.514
31,1953,Wenezuela,190.963
31,1954,Wenezuela,204.658
31,1955,Wenezuela,219.977
31,1956,Wenezuela,229.121
31,1957,Wenezuela,236.264
31,1958,Wenezuela,227.921
31,1959,Wenezuela,241.084
31,1960,Wenezuela,242.803
31,1961,Wenezuela,181.951
31,1962,Wenezuela,147.318
31,1963,Wenezuela,132.126
31,1964,Wenezuela,120.108
31,1965,Wenezuela,112.453
31,1966,Wenezuela,106.458
31,1967,Wenezuela,106.875
31,1968,Wenezuela,100.104
31,1969,Wenezuela,101.3
31,1970,Wenezuela,108.683
31,1971,Wenezuela,89.495
31,1972,Wenezuela,96.331
31,1973,Wenezuela,101.215
31,1974,Wenezuela,105.161
31,1975,Wenezuela,95.58
31,1976,Wenezuela,106.358
31,1977,Wenezuela,102.278
31,1978,Wenezuela,106.162
31,1979,Wenezuela,109.387
31,1980,Wenezuela,115.035
31,1981,Wenezuela,118.542
31,1982,Wenezuela,113.892
31,1983,Wenezuela,113.44
31,1984,Wenezuela,146.633
31,1985,Wenezuela,172.448
31,1986,Wenezuela,153.727
31,1987,Wenezuela,144.197
31,1988,Wenezuela,129.856
31,1989,Wenezuela,122.206
31,1990,Wenezuela,138.48
31,1991,Wenezuela,113.011
31,1992,Wenezuela,108.638
31,1993,Wenezuela,126.172
31,1994,Wenezuela,130.9
31,1995,Wenezuela,139.425
31,1996,Wenezuela,128.414
31,1997,Wenezuela,147.976
31,1998,Wenezuela,152.065
31,1999,Wenezuela,159.391
32,1853,Holandia,10.966
32,1854,Holandia,12.98
32,1855,Holandia,11.371
32,1856,Holandia,11.666
32,1857,Holandia,11.287
32,1858,Holandia,10.671
32,1859,Holandia,10.14
32,1860,Holandia,12.053
32,1861,Holandia,11.548
32,1862,Holandia,12.623
32,1863,Holandia,11.113
32,1864,Holandia,10.411
32,1865,Holandia,10.686
32,1866,Holandia,11.046
32,1867,Holandia,11.338
32,1868,Holandia,11.389
32,1869,Holandia,11.631
32,1870,Holandia,12.975
32,1871,Holandia,13.186
32,1872,Holandia,13.512
32,1873,Holandia,13.961
32,1874,Holandia,14.022
32,1875,Holandia,14.414
32,1876,Holandia,15.582
32,1877,Holandia,15.938
32,1878,Holandia,16.249
32,1879,Holandia,16.472
32,1880,Holandia,18.314
32,1881,Holandia,18.175
32,1882,Holandia,18.149
32,1883,Holandia,19.209
32,1884,Holandia,19.243
32,1885,Holandia,19.463
32,1886,Holandia,19.736
32,1887,Holandia,20.666
32,1888,Holandia,21.599
32,1889,Holandia,21.518
32,1890,Holandia,21.88
32,1891,Holandia,23.135
32,1892,Holandia,22.146
32,1893,Holandia,23.051
32,1894,Holandia,23.448
32,1895,Holandia,22.891
32,1896,Holandia,24.009
32,1897,Holandia,24.689
32,1898,Holandia,24.261
32,1899,Holandia,24.122
32,1900,Holandia,25.997
32,1901,Holandia,25.176
32,1902,Holandia,24.484
32,1903,Holandia,24.877
32,1904,Holandia,26.262
32,1905,Holandia,26.652
32,1906,Holandia,27.472
32,1907,Holandia,28.051
32,1908,Holandia,28.272
32,1909,Holandia,28.908
32,1910,Holandia,29.296
32,1911,Holandia,31.261
32,1912,Holandia,33.591
32,1913,Holandia,35.833
32,1914,Holandia,34.027
32,1915,Holandia,32.532
32,1916,Holandia,30.132
32,1917,Holandia,16.235
32,1918,Holandia,22.473
32,1919,Holandia,29.627
32,1920,Holandia,29.669
32,1921,Holandia,31.288
32,1922,Holandia,35.622
32,1923,Holandia,34.593
32,1924,Holandia,37.38
32,1925,Holandia,40.295
32,1926,Holandia,41.135
32,1927,Holandia,44.592
32,1928,Holandia,44.81
32,1929,Holandia,48.201
32,1930,Holandia,46.887
32,1931,Holandia,50.566
32,1932,Holandia,47.087
32,1933,Holandia,44.202
32,1934,Holandia,44.082
32,1935,Holandia,42.174
32,1936,Holandia,44.692
32,1937,Holandia,48.497
32,1938,Holandia,48.088
32,1939,Holandia,45.072
32,1940,Holandia,38.035
32,1941,Holandia,41.996
32,1942,Holandia,39.417
32,1943,Holandia,40.198
32,1944,Holandia,28.614
32,1945,Holandia,19.876
32,1946,Holandia,36.375
32,1947,Holandia,49.987
32,1948,Holandia,52.769
32,1949,Holandia,56.375
32,1950,Holandia,56.327
32,1951,Holandia,59.606
32,1952,Holandia,59.284
32,1953,Holandia,59.753
32,1954,Holandia,62.283
32,1955,Holandia,64.785
32,1956,Holandia,68.252
32,1957,Holandia,67.45
32,1958,Holandia,69.417
32,1959,Holandia,70.174
32,1960,Holandia,76.44
32,1961,Holandia,77.915
32,1962,Holandia,85.29
32,1963,Holandia,92.848
32,1964,Holandia,98.459
32,1965,Holandia,101.891
32,1966,Holandia,104.632
32,1967,Holandia,108.008
32,1968,Holandia,114.255
32,1969,Holandia,116.361
32,1970,Holandia,142.066
32,1971,Holandia,141.15
32,1972,Holandia,158.257
32,1973,Holandia,165.619
32,1974,Holandia,160.306
32,1975,Holandia,153.07
32,1976,Holandia,170.385
32,1977,Holandia,164.156
32,1978,Holandia,170.191
32,1979,Holandia,187.603
32,1980,Holandia,177.23
32,1981,Holandia,164.743
32,1982,Holandia,134.106
32,1983,Holandia,138.612
32,1984,Holandia,145.892
32,1985,Holandia,148.964
32,1986,Holandia,146.475
32,1987,Holandia,153.923
32,1988,Holandia,147.963
33,1930,Belgia,95.266
33,1931,Belgia,85.157
33,1932,Belgia,68.758
33,1933,Belgia,73.572
33,1934,Belgia,75.713
33,1935,Belgia,71.76
33,1936,Belgia,74.987
33,1937,Belgia,89.854
33,1938,Belgia,78.946
33,1939,Belgia,72.966
33,1940,Belgia,61.205
33,1941,Belgia,64.191
33,1942,Belgia,59.783
33,1943,Belgia,56.665
33,1944,Belgia,31.764
33,1945,Belgia,37.098
33,1946,Belgia,54.589
33,1947,Belgia,80.087
33,1948,Belgia,82.986
33,1949,Belgia,78.774
33,1950,Belgia,73.752
33,1951,Belgia,86.662
33,1952,Belgia,80.763
33,1953,Belgia,79.66
33,1954,Belgia,82.813
33,1955,Belgia,89.094
33,1956,Belgia,93.626
33,1957,Belgia,93.365
33,1958,Belgia,84.256
33,1959,Belgia,85.077
33,1960,Belgia,87.947
33,1961,Belgia,89.596
33,1962,Belgia,94.983
33,1963,Belgia,102.643
33,1964,Belgia,100.727
33,1965,Belgia,102.4
33,1966,Belgia,102.218
33,1967,Belgia,104.769
33,1968,Belgia,115.805
33,1969,Belgia,120.902
33,1970,Belgia,123.025
33,1971,Belgia,119.102
33,1972,Belgia,128.413
33,1973,Belgia,136.436
33,1974,Belgia,132.802
33,1975,Belgia,119.792
33,1976,Belgia,127.836
33,1977,Belgia,124.224
33,1978,Belgia,133.225
33,1979,Belgia,133.911
33,1980,Belgia,129.279
33,1981,Belgia,118.227
33,1982,Belgia,112.153
33,1983,Belgia,96.8
33,1984,Belgia,100.904
33,1985,Belgia,100.122
33,1986,Belgia,98.894
33,1987,Belgia,99.29
33,1988,Belgia,96.936
33,1989,Belgia,104.387
33,1990,Belgia,118.085
33,1991,Belgia,126.809
33,1992,Belgia,124.089
33,1993,Belgia,129.811
33,1994,Belgia,127.654
33,1995,Belgia,127.85
33,1996,Belgia,132.143
33,1997,Belgia,126.541
33,1998,Belgia,133.036
33,1999,Belgia,130.278
33,2000,Belgia,129.632
33,2001,Belgia,128.151
33,2002,Belgia,129.253
33,2003,Belgia,131.383
33,2004,Belgia,132.867
34,1972,Czechy,154.155
34,1973,Czechy,154.867
34,1974,Czechy,156.735
34,1975,Czechy,164.824
34,1976,Czechy,171.958
34,1977,Czechy,177.498
34,1978,Czechy,179.181
34,1979,Czechy,174.131
34,1980,Czechy,176.923
34,1981,Czechy,175.03
34,1982,Czechy,173.552
34,1983,Czechy,174.107
34,1984,Czechy,180.161
34,1985,Czechy,177.846
34,1986,Czechy,179.262
34,1987,Czechy,177.179
34,1988,Czechy,174.303
34,1989,Czechy,166.895
34,1990,Czechy,157.978
34,1991,Czechy,142.567
34,1992,Czechy,139.245
34,1993,Czechy,134.017
34,1994,Czechy,127.723
34,1995,Czechy,126.109
34,1996,Czechy,130.118
34,1997,Czechy,126.66
34,1998,Czechy,122.384
34,1999,Czechy,112.879
34,2000,Czechy,123.555
34,2001,Czechy,111.535
34,2002,Czechy,110.23
34,2003,Czechy,113.353
34,2004,Czechy,114.354
34,2005,Czechy,111.451
34,2006,Czechy,115.121
34,2007,Czechy,116.498
34,2008,Czechy,111.187
34,2009,Czechy,103.293
34,2010,Czechy,106.469
34,2011,Czechy,106.08
34,2012,Czechy,101.716
35,1930,Rumunia,61.675
35,1931,Rumunia,60.209
35,1932,Rumunia,59.154
35,1933,Rumunia,57.421
35,1934,Rumunia,60.33
35,1935,Rumunia,58.863
35,1936,Rumunia,59.544
35,1937,Rumunia,53.452
35,1938,Rumunia,50.893
35,1939,Rumunia,48.668
35,1940,Rumunia,46.866
35,1941,Rumunia,45.096
35,1942,Rumunia,45.767
35,1943,Rumunia,44.552
35,1944,Rumunia,36.934
35,1945,Rumunia,40.652
35,1946,Rumunia,39.316
35,1947,Rumunia,37.414
35,1948,Rumunia,44.094
35,1949,Rumunia,43.844
35,1950,Rumunia,54.947
35,1951,Rumunia,60.107
35,1952,Rumunia,66.177
35,1953,Rumunia,70.597
35,1954,Rumunia,74.692
35,1955,Rumunia,79.27
35,1956,Rumunia,83.819
35,1957,Rumunia,89.324
35,1958,Rumunia,91.91
35,1959,Rumunia,93.532
35,1960,Rumunia,92.838
35,1961,Rumunia,97.555
35,1962,Rumunia,99.281
35,1963,Rumunia,101.382
35,1964,Rumunia,104.086
35,1965,Rumunia,109.846
35,1966,Rumunia,111.4
35,1967,Rumunia,129.832
35,1968,Rumunia,127.32
35,1969,Rumunia,133.908
35,1970,Rumunia,140.861
35,1971,Rumunia,145.157
35,1972,Rumunia,148.409
35,1973,Rumunia,162.812
35,1974,Rumunia,168.085
35,1975,Rumunia,177.978
35,1976,Rumunia,189.088
35,1977,Rumunia,191.348
35,1978,Rumunia,205.096
35,1979,Rumunia,205.813
35,1980,Rumunia,204.817
35,1981,Rumunia,207.637
35,1982,Rumunia,206.6
35,1983,Rumunia,211.357
35,1984,Rumunia,202.527
35,1985,Rumunia,206.806
35,1986,Rumunia,218.062
35,1987,Rumunia,225.496
35,1988,Rumunia,210.642
35,1989,Rumunia,212.396
35,1990,Rumunia,177.334
35,1991,Rumunia,139.817
35,1992,Rumunia,129.295
35,1993,Rumunia,119.053
35,1994,Rumunia,121.071
35,1995,Rumunia,123.633
35,1996,Rumunia,129.009
35,1997,Rumunia,115.321
35,1998,Rumunia,106.429
35,1999,Rumunia,94.137
35,2000,Rumunia,92.543
35,2001,Rumunia,99.051
35,2002,Rumunia,102.13
35,2003,Rumunia,91.551
36,1982,Białoruś,116.754
36,1983,Białoruś,116.931
36,1984,Białoruś,117.884
36,1985,Białoruś,125.839
36,1986,Białoruś,140.142
36,1987,Białoruś,129.178
36,1988,Białoruś,130.604
36,1989,Białoruś,124.121
36,1990,Białoruś,123.948
36,1991,Białoruś,110.938
36,1992,Białoruś,101.966
36,1993,Białoruś,91.661
36,1994,Białoruś,87.555
36,1995,Białoruś,74.037
36,1996,Białoruś,72.551
36,1997,Białoruś,72.596
36,1998,Białoruś,74.922
36,1999,Białoruś,73.07
36,2000,Białoruś,58.207
36,2001,Białoruś,54.542
36,2002,Białoruś,54.485
36,2003,Białoruś,56.221
36,2004,Białoruś,60.769
36,2005,Białoruś,63.154
36,2006,Białoruś,63.661
36,2007,Białoruś,64.377
36,2008,Białoruś,68.185
36,2009,Białoruś,64.719
36,2010,Białoruś,66.325
36,2011,Białoruś,63.915
36,2012,Białoruś,65.246
36,2013,Białoruś,67.83
37,1952,Wybrzeże Kości Słoniowej,176.721
37,1953,Wybrzeże Kości Słoniowej,194.072
37,1954,Wybrzeże Kości Słoniowej,208.531
37,1955,Wybrzeże Kości Słoniowej,220.291
37,1956,Wybrzeże Kości Słoniowej,231.695
37,1957,Wybrzeże Kości Słoniowej,246.215
37,1958,Wybrzeże Kości Słoniowej,264.765
37,1959,Wybrzeże Kości Słoniowej,279.533
37,1960,Wybrzeże Kości Słoniowej,166.332
37,1961,Wybrzeże Kości Słoniowej,173.026
37,1962,Wybrzeże Kości Słoniowej,144.648
37,1963,Wybrzeże Kości Słoniowej,125.974
37,1964,Wybrzeże Kości Słoniowej,127.426
37,1965,Wybrzeże Kości Słoniowej,101.44
37,1966,Wybrzeże Kości Słoniowej,94.843
37,1967,Wybrzeże Kości Słoniowej,80.754
37,1968,Wybrzeże Kości Słoniowej,77.484
37,1969,Wybrzeże Kości Słoniowej,65.847
37,1970,Wybrzeże Kości Słoniowej,84.794
37,1971,Wybrzeże Kości Słoniowej,75.919
37,1972,Wybrzeże Kości Słoniowej,92.032
37,1973,Wybrzeże Kości Słoniowej,135.892
37,1974,Wybrzeże Kości Słoniowej,128.04
37,1975,Wybrzeże Kości Słoniowej,125.499
37,1976,Wybrzeże Kości Słoniowej,171.211
37,1977,Wybrzeże Kości Słoniowej,168.518
37,1978,Wybrzeże Kości Słoniowej,122.124
37,1979,Wybrzeże Kości Słoniowej,91.729
37,1980,Wybrzeże Kości Słoniowej,103.069
37,1981,Wybrzeże Kości Słoniowej,115.723
37,1982,Wybrzeże Kości Słoniowej,109.892
37,1983,Wybrzeże Kości Słoniowej,154.335
37,1984,Wybrzeże Kości Słoniowej,171.568
37,1985,Wybrzeże Kości Słoniowej,144.289
37,1986,Wybrzeże Kości Słoniowej,118.237
37,1987,Wybrzeże Kości Słoniowej,150.659
37,1988,Wybrzeże Kości Słoniowej,128.68
37,1989,Wybrzeże Kości Słoniowej,105.922
37,1990,Wybrzeże Kości Słoniowej,80.29
37,1991,Wybrzeże Kości Słoniowej,102.058
37,1992,Wybrzeże Kości Słoniowej,141.677
37,1993,Wybrzeże Kości Słoniowej,139.585
37,1994,Wybrzeże Kości Słoniowej,121.587
37,1995,Wybrzeże Kości Słoniowej,88.066
37,1996,Wybrzeże Kości Słoniowej,69.723
37,1997,Wybrzeże Kości Słoniowej,58.896
37,1998,Wybrzeże Kości Słoniowej,46.256
37,1999,Wybrzeże Kości Słoniowej,43.702
37,2000,Wybrzeże Kości Słoniowej,39.557
37,2001,Wybrzeże Kości Słoniowej,34.718
37,2002,Wybrzeże Kości Słoniowej,46.308
37,2003,Wybrzeże Kości Słoniowej,88.255
37,2004,Wybrzeże Kości Słoniowej,76.993
37,2005,Wybrzeże Kości Słoniowej,85.491
37,2006,Wybrzeże Kości Słoniowej,80.567
37,2007,Wybrzeże Kości Słoniowej,54.164
37,2008,Wybrzeże Kości Słoniowej,40.557
38,1952,Mjanma (Birma),52.868
38,1953,Mjanma (Birma),64.523
38,1954,Mjanma (Birma),74.921
38,1955,Mjanma (Birma),84.864
38,1956,Mjanma (Birma),93.827
38,1957,Mjanma (Birma),102.569
38,1958,Mjanma (Birma),112.128
38,1959,Mjanma (Birma),150.273
38,1960,Mjanma (Birma),102.789
38,1961,Mjanma (Birma),86.593
38,1962,Mjanma (Birma),79.373
38,1963,Mjanma (Birma),88.141
38,1964,Mjanma (Birma),70.072
38,1965,Mjanma (Birma),89.261
38,1966,Mjanma (Birma),75.233
38,1967,Mjanma (Birma),66.437
38,1968,Mjanma (Birma),61.065
38,1969,Mjanma (Birma),660.531
38,1970,Mjanma (Birma),372.495
38,1971,Mjanma (Birma),256.479
38,1972,Mjanma (Birma),173.097
38,1973,Mjanma (Birma),133.959
38,1974,Mjanma (Birma),112.924
38,1975,Mjanma (Birma),98.908
38,1976,Mjanma (Birma),87.026
38,1977,Mjanma (Birma),81.376
38,1978,Mjanma (Birma),76.375
38,1979,Mjanma (Birma),71.528
38,1980,Mjanma (Birma),72.4
38,1981,Mjanma (Birma),69.394
38,1982,Mjanma (Birma),66.304
38,1983,Mjanma (Birma),63.059
38,1984,Mjanma (Birma),59.769
38,1985,Mjanma (Birma),56.254
38,1986,Mjanma (Birma),51.978
38,1987,Mjanma (Birma),45.951
38,1988,Mjanma (Birma),46.857
38,1989,Mjanma (Birma),49.66
38,1990,Mjanma (Birma),56.214
38,1991,Mjanma (Birma),58.174
38,1992,Mjanma (Birma),67.673
38,1993,Mjanma (Birma),64.28
38,1994,Mjanma (Birma),76.895
38,1995,Mjanma (Birma),75.902
38,1996,Mjanma (Birma),76.015
38,1997,Mjanma (Birma),74.6
38,1998,Mjanma (Birma),99.976
38,1999,Mjanma (Birma),116.597
38,2000,Mjanma (Birma),118.033
38,2001,Mjanma (Birma),103.81
38,2002,Mjanma (Birma),103.724
38,2003,Mjanma (Birma),116.482
38,2004,Mjanma (Birma),129.085
38,2005,Mjanma (Birma),159.517
38,2006,Mjanma (Birma),186.788
38,2007,Mjanma (Birma),190.474
39,1930,Peru,32.268
39,1931,Peru,27.9
39,1932,Peru,36.015
39,1933,Peru,37.458
39,1934,Peru,33.865
39,1935,Peru,37.999
39,1936,Peru,38.889
39,1937,Peru,40.755
39,1938,Peru,38.256
39,1939,Peru,39.649
39,1940,Peru,34.569
39,1941,Peru,26.169
39,1942,Peru,28.647
39,1943,Peru,22.465
39,1944,Peru,25.285
39,1945,Peru,20.615
39,1946,Peru,21.91
39,1947,Peru,19.701
39,1948,Peru,20.703
39,1949,Peru,20.062
39,1950,Peru,25.068
39,1951,Peru,27.39
39,1952,Peru,33.032
39,1953,Peru,34.766
39,1954,Peru,38.477
39,1955,Peru,39.746
39,1956,Peru,39.855
39,1957,Peru,45.766
39,1958,Peru,53.863
39,1959,Peru,59.128
39,1960,Peru,67.664
39,1961,Peru,60.332
39,1962,Peru,86.156
39,1963,Peru,100.06
39,1964,Peru,99.255
39,1965,Peru,70.438
39,1966,Peru,59.225
39,1967,Peru,57.84
39,1968,Peru,55.221
39,1969,Peru,58.154
39,1970,Peru,64.505
39,1971,Peru,115.832
39,1972,Peru,118.104
39,1973,Peru,115.084
39,1974,Peru,95.264
39,1975,Peru,90.151
39,1976,Peru,87.432
39,1977,Peru,85.308
39,1978,Peru,83.921
39,1979,Peru,79.952
39,1980,Peru,83.074
39,1981,Peru,77.647
39,1982,Peru,76.563
39,1983,Peru,73.095
39,1984,Peru,75.945
39,1985,Peru,76.775
39,1986,Peru,71.065
39,1987,Peru,73.689
39,1988,Peru,69.14
39,1989,Peru,103.632
39,1990,Peru,79.903
39,1991,Peru,75.7
39,1992,Peru,85.228
39,1993,Peru,126.472
39,1994,Peru,118.38
39,1995,Peru,90.086
39,1996,Peru,90.448
39,1997,Peru,86.394
39,1998,Peru,122.811
39,1999,Peru,112.874
39,2000,Peru,125.005
39,2001,Peru,118.5
39,2002,Peru,105.238
39,2003,Peru,178.496
39,2004,Peru,136.912
40,1952,Pakistan,75.951
40,1953,Pakistan,77.63
40,1954,Pakistan,79.882
40,1955,Pakistan,82.714
40,1956,Pakistan,86.918
40,1957,Pakistan,90.273
40,1958,Pakistan,94.702
40,1959,Pakistan,97.806
40,1960,Pakistan,104.874
40,1961,Pakistan,77.907
40,1962,Pakistan,61.93
40,1963,Pakistan,78.133
40,1964,Pakistan,105.947
40,1965,Pakistan,82.119
40,1966,Pakistan,64.782
40,1967,Pakistan,47.889
40,1968,Pakistan,17.652
40,1969,Pakistan,24.175
40,1970,Pakistan,15.965
40,1971,Pakistan,17.044
40,1972,Pakistan,54.783
40,1973,Pakistan,28.026
40,1974,Pakistan,36.785
40,1975,Pakistan,25.792
40,1976,Pakistan,32.076
40,1977,Pakistan,51.051
40,1978,Pakistan,39.953
40,1979,Pakistan,84.967
40,1980,Pakistan,47.867
40,1981,Pakistan,117.949
40,1982,Pakistan,47.478
40,1983,Pakistan,72.864
40,1984,Pakistan,53.334
40,1985,Pakistan,23.451
40,1986,Pakistan,62.269
40,1987,Pakistan,32.676
40,1988,Pakistan,54.382
40,1989,Pakistan,41.28
40,1990,Pakistan,53.632
40,1991,Pakistan,58.97
40,1992,Pakistan,78.155
40,1993,Pakistan,80.083
40,1994,Pakistan,93.967
40,1995,Pakistan,93.173
40,1996,Pakistan,122.117
40,1997,Pakistan,119.46
40,1998,Pakistan,118.212
40,1999,Pakistan,115.642
40,2000,Pakistan,129.731
40,2001,Pakistan,123.657
40,2002,Pakistan,130.093
40,2003,Pakistan,115.44
40,2004,Pakistan,122.789
40,2005,Pakistan,133.081
40,2006,Pakistan,139.344
40,2007,Pakistan,141.244
40,2008,Pakistan,141.481
41,1930,Chile,46.084
41,1931,Chile,41.57
41,1932,Chile,44.456
41,1933,Chile,44.706
41,1934,Chile,44.918
41,1935,Chile,47.689
41,1936,Chile,46.575
41,1937,Chile,50.266
41,1938,Chile,46.222
41,1939,Chile,46.825
41,1940,Chile,46.709
41,1941,Chile,46.984
41,1942,Chile,47.06
41,1943,Chile,48.119
41,1944,Chile,45.618
41,1945,Chile,44.683
41,1946,Chile,44.123
41,1947,Chile,40.155
41,1948,Chile,43.225
41,1949,Chile,42.688
41,1950,Chile,43.606
41,1951,Chile,41.527
41,1952,Chile,43.843
41,1953,Chile,45.919
41,1954,Chile,49.118
41,1955,Chile,52.357
41,1956,Chile,54.418
41,1957,Chile,54.981
41,1958,Chile,52.836
41,1959,Chile,57.82
41,1960,Chile,60.348
41,1961,Chile,51.388
41,1962,Chile,53.301
41,1963,Chile,50.93
41,1964,Chile,49.797
41,1965,Chile,48.473
41,1966,Chile,48.645
41,1967,Chile,50.436
41,1968,Chile,50.151
41,1969,Chile,64.415
41,1970,Chile,64.489
41,1971,Chile,67.411
41,1972,Chile,74.666
41,1973,Chile,74.494
41,1974,Chile,67.066
41,1975,Chile,76.63
41,1976,Chile,56.465
41,1977,Chile,50.399
41,1978,Chile,44.152
41,1979,Chile,43.236
41,1980,Chile,42.311
41,1981,Chile,39.275
41,1982,Chile,32.978
41,1983,Chile,32.318
41,1984,Chile,32.132
41,1985,Chile,30.033
41,1986,Chile,25.103
41,1987,Chile,25.996
41,1988,Chile,33.379
41,1989,Chile,33.999
41,1990,Chile,33.162
41,1991,Chile,29.841
41,1992,Chile,31.111
41,1993,Chile,41.036
41,1994,Chile,42.036
41,1995,Chile,49.474
41,1996,Chile,54.467
41,1997,Chile,70.593
41,1998,Chile,67.98
41,1999,Chile,73.793
41,2000,Chile,79.655
41,2001,Chile,76.202
41,2002,Chile,72.784
41,2003,Chile,84.192
41,2004,Chile,82.877
42,1952,Egipt,16.265
42,1953,Egipt,16.341
42,1954,Egipt,17.45
42,1955,Egipt,16.617
42,1956,Egipt,16.061
42,1957,Egipt,18.262
42,1958,Egipt,20.236
42,1959,Egipt,19.445
42,1960,Egipt,23.075
42,1961,Egipt,22.109
42,1962,Egipt,22.802
42,1963,Egipt,25.735
42,1964,Egipt,33.178
42,1965,Egipt,35.68
42,1966,Egipt,32.786
42,1967,Egipt,24.45
42,1968,Egipt,27.608
42,1969,Egipt,23.629
42,1970,Egipt,25.165
42,1971,Egipt,26.063
42,1972,Egipt,28.155
42,1973,Egipt,25.996
42,1974,Egipt,27.917
42,1975,Egipt,31.61
42,1976,Egipt,33.941
42,1977,Egipt,36.449
42,1978,Egipt,37.238
42,1979,Egipt,41.407
42,1980,Egipt,44.648
42,1981,Egipt,50.223
42,1982,Egipt,55.815
42,1983,Egipt,57.163
42,1984,Egipt,64.709
42,1985,Egipt,66.057
42,1986,Egipt,75.596
42,1987,Egipt,76.352
42,1988,Egipt,75.511
42,1989,Egipt,74.705
42,1990,Egipt,77.076
42,1991,Egipt,86.849
42,1992,Egipt,86.111
42,1993,Egipt,96.44
42,1994,Egipt,97.524
42,1995,Egipt,103.48
42,1996,Egipt,102.517
42,1997,Egipt,114.991
42,1998,Egipt,132.568
42,1999,Egipt,130.743
42,2000,Egipt,146.437
42,2001,Egipt,131.268
42,2002,Egipt,131.298
42,2003,Egipt,152.689
42,2004,Egipt,155.449
42,2005,Egipt,170.52
42,2006,Egipt,181.08
42,2007,Egipt,189.963
43,1952,Tanzania,107.65
43,1953,Tanzania,112.857
43,1954,Tanzania,112.839
43,1955,Tanzania,112.697
43,1956,Tanzania,116.263
43,1957,Tanzania,118.224
43,1958,Tanzania,115.998
43,1959,Tanzania,116.305
43,1960,Tanzania,121.508
43,1961,Tanzania,96.002
43,1962,Tanzania,202.897
43,1963,Tanzania,167.158
43,1964,Tanzania,123.671
43,1965,Tanzania,93.438
43,1966,Tanzania,78.388
43,1967,Tanzania,69.611
43,1968,Tanzania,64.269
43,1969,Tanzania,176.298
43,1970,Tanzania,186.195
43,1971,Tanzania,130.613
43,1972,Tanzania,96.368
43,1973,Tanzania,80.327
43,1974,Tanzania,69.236
43,1975,Tanzania,60.252
43,1976,Tanzania,55.258
43,1977,Tanzania,162.337
43,1978,Tanzania,140.611
43,1979,Tanzania,93.169
43,1980,Tanzania,105.773
43,1981,Tanzania,78.964
43,1982,Tanzania,65.421
43,1983,Tanzania,56.468
43,1984,Tanzania,161.065
43,1985,Tanzania,135.764
43,1986,Tanzania,88.167
43,1987,Tanzania,70.54
43,1988,Tanzania,58.845
43,1989,Tanzania,48.859
43,1990,Tanzania,53.499
43,1991,Tanzania,44.497
43,1992,Tanzania,58.209
43,1993,Tanzania,60.204
43,1994,Tanzania,62.656
43,1995,Tanzania,70.255
43,1996,Tanzania,66.068
43,1997,Tanzania,66.954
43,1998,Tanzania,85.467
43,1999,Tanzania,69.786
43,2000,Tanzania,65.631
43,2001,Tanzania,61.352
43,2002,Tanzania,76.511
43,2003,Tanzania,111.156
43,2004,Tanzania,132.374
43,2005,Tanzania,150.074
43,2006,Tanzania,187.258
43,2007,Tanzania,180.686
43,2008,Tanzania,148.413
44,1910,Szwecja,48.051
44,1911,Szwecja,47.339
44,1912,Szwecja,48.108
44,1913,Szwecja,49.81
44,1914,Szwecja,48.673
44,1915,Szwecja,48.601
44,1916,Szwecja,49.235
44,1917,Szwecja,39.776
44,1918,Szwecja,41.119
44,1919,Szwecja,40.316
44,1920,Szwecja,43.103
44,1921,Szwecja,38.278
44,1922,Szwecja,42.338
44,1923,Szwecja,44.055
44,1924,Szwecja,45.94
44,1925,Szwecja,44.149
44,1926,Szwecja,43.472
44,1927,Szwecja,48.07
44,1928,Szwecja,46.212
44,1929,Szwecja,48.683
44,1930,Szwecja,47.482
44,1931,Szwecja,46.596
44,1932,Szwecja,45.61
44,1933,Szwecja,45.335
44,1934,Szwecja,46.902
44,1935,Szwecja,47.058
44,1936,Szwecja,48.396
44,1937,Szwecja,51.372
44,1938,Szwecja,47.717
44,1939,Szwecja,49.889
44,1940,Szwecja,38.573
44,1941,Szwecja,34.307
44,1942,Szwecja,31.699
44,1943,Szwecja,37.584
44,1944,Szwecja,35.356
44,1945,Szwecja,28.098
44,1946,Szwecja,40.985
44,1947,Szwecja,48.539
44,1948,Szwecja,53.963
44,1949,Szwecja,49.063
44,1950,Szwecja,49.794
44,1951,Szwecja,52.486
44,1952,Szwecja,50.491
44,1953,Szwecja,45.339
44,1954,Szwecja,43.349
44,1955,Szwecja,43.809
44,1956,Szwecja,43.063
44,1957,Szwecja,33.691
44,1958,Szwecja,30.307
44,1959,Szwecja,13.312
44,1960,Szwecja,24.211
44,1961,Szwecja,20.036
44,1962,Szwecja,19.445
44,1963,Szwecja,23.396
44,1964,Szwecja,28.081
44,1965,Szwecja,30.402
44,1966,Szwecja,41.42
44,1967,Szwecja,38.366
44,1968,Szwecja,49.23
44,1969,Szwecja,59.048
44,1970,Szwecja,66.673
44,1971,Szwecja,60.208
44,1972,Szwecja,60.871
44,1973,Szwecja,65.246
44,1974,Szwecja,58.987
44,1975,Szwecja,61.161
44,1976,Szwecja,69.15
44,1977,Szwecja,67.216
44,1978,Szwecja,61.086
44,1979,Szwecja,67.576
44,1980,Szwecja,54.529
44,1981,Szwecja,52.845
44,1982,Szwecja,46.325
44,1983,Szwecja,43.103
44,1984,Szwecja,42.199
44,1985,Szwecja,47.699
44,1986,Szwecja,47.976
44,1987,Szwecja,46.38
44,1988,Szwecja,44.594
44,1989,Szwecja,43.824
44,1990,Szwecja,45.548
44,1991,Szwecja,45.815
44,1992,Szwecja,46.97
44,1993,Szwecja,47.474
44,1994,Szwecja,50.32
44,1995,Szwecja,53.716
44,1996,Szwecja,55.76
44,1997,Szwecja,51.733
44,1998,Szwecja,52.883
44,1999,Szwecja,47.188
44,2000,Szwecja,51.436
